Nb de periode :    50
 0.1000
  0.155013E+01 -0.167638E-07 -0.676458E-03  0.232831E-08  0.106284E+01  0.298023E-07
  0.149012E-07  0.154999E+01 -0.982545E-07 -0.106307E+01 -0.162981E-07 -0.116108E-04
  0.358582E-03  0.240326E-03  0.434063E+04 -0.186920E-02 -0.457764E-04 -0.381470E-05
 -0.651926E-08 -0.971134E+00 -0.570435E-07  0.667151E+00  0.165310E-07 -0.575481E-04
  0.971535E+00  0.745058E-08  0.259475E-03 -0.232831E-08  0.665924E+00  0.651926E-08
 -0.454747E-12 -0.790296E-05 -0.738964E-12 -0.190371E-04  0.568434E-11  0.243075E-03
 0.2000
  0.143604E+02 -0.894070E-07  0.147830E-02  0.316650E-06  0.971589E+01  0.894070E-07
 -0.894070E-07  0.143604E+02 -0.187103E-05 -0.971576E+01 -0.108033E-06  0.142120E-04
  0.915527E-04  0.516891E-03  0.918267E+04 -0.104523E-02  0.189209E-02 -0.762939E-05
 -0.745058E-08 -0.886937E+01  0.328291E-06  0.599522E+01  0.223517E-07  0.104025E-03
  0.886883E+01 -0.633299E-07  0.541450E-02 -0.409782E-07  0.599278E+01  0.298023E-07
 -0.181899E-11  0.294192E-05 -0.204636E-11  0.526218E-04  0.136424E-11 -0.391866E-03
 0.3000
  0.623648E+02 -0.894070E-06  0.722736E-03 -0.128150E-05  0.410964E+02  0.596046E-06
 -0.298023E-07  0.623653E+02  0.462681E-05 -0.410972E+02  0.596046E-07 -0.247508E-04
  0.427246E-03 -0.381470E-04  0.151283E+05  0.995255E-02 -0.277710E-02  0.152588E-04
  0.134110E-06 -0.374588E+02 -0.158511E-05  0.247035E+02  0.163913E-06 -0.374019E-05
  0.374597E+02 -0.402331E-06  0.167295E-01 -0.596046E-07  0.247013E+02  0.894070E-07
 -0.568434E-11 -0.461369E-04 -0.227374E-11  0.958521E-05  0.909495E-11  0.431594E-03
 0.4000
  0.213153E+03  0.715256E-06 -0.453830E-02 -0.363588E-05  0.135027E+03  0.953674E-06
  0.286102E-05  0.213154E+03  0.207126E-04 -0.135024E+03 -0.774860E-06 -0.237226E-04
  0.308228E-02  0.991821E-03  0.230460E+05 -0.137482E-01  0.427246E-02 -0.152588E-04
 -0.298023E-06 -0.122980E+03 -0.662357E-05  0.778962E+02 -0.131130E-05 -0.282824E-03
  0.122979E+03  0.536442E-06  0.195434E-01  0.596046E-06  0.778989E+02  0.000000E+00
  0.363798E-11 -0.454699E-04 -0.363798E-11  0.290190E-05  0.363798E-11  0.183474E-02
 0.5000
  0.668259E+03  0.691414E-05  0.543118E-02 -0.560284E-05  0.402383E+03 -0.143051E-04
  0.000000E+00  0.668257E+03 -0.353754E-04 -0.402384E+03  0.488758E-05  0.779629E-04
  0.234985E-02  0.301361E-02  0.338812E+05 -0.749969E-02 -0.354004E-02  0.000000E+00
 -0.500679E-05 -0.365953E+03  0.102520E-04  0.219980E+03 -0.107288E-05  0.225067E-03
  0.365954E+03 -0.298023E-05 -0.167229E-01 -0.357628E-06  0.219997E+03  0.476837E-06
  0.727596E-11  0.145724E-04  0.254659E-10  0.212455E-03 -0.174623E-09  0.460247E-02
 0.6000
  0.199689E+04 -0.123978E-04  0.800943E-01 -0.224113E-04  0.112936E+04  0.000000E+00
 -0.219345E-04  0.199689E+04  0.143051E-05 -0.112936E+04 -0.104904E-04 -0.238419E-04
  0.610352E-03 -0.248718E-02  0.477560E+05  0.133514E-01 -0.151367E-01 -0.305176E-04
  0.100136E-04 -0.102312E+04 -0.497699E-04  0.577992E+03  0.834465E-05 -0.676632E-03
  0.102312E+04  0.133514E-04 -0.604815E-01 -0.548363E-05  0.577991E+03 -0.286102E-05
  0.116415E-09  0.372268E-04 -0.327418E-10 -0.273394E-03  0.327418E-09 -0.289149E-01
 0.7000
  0.553553E+04 -0.362396E-04 -0.196419E-01 -0.219345E-04  0.289725E+04  0.762939E-04
  0.381470E-05  0.553552E+04  0.474453E-03 -0.289725E+04 -0.343323E-04 -0.352859E-03
 -0.231934E-02 -0.289917E-02  0.626023E+05 -0.234985E-01  0.573730E-02  0.610352E-04
  0.381470E-05 -0.262135E+04  0.105143E-03  0.137186E+04 -0.309944E-04 -0.433922E-03
  0.262135E+04 -0.123978E-04  0.270872E-01 -0.524521E-05  0.137180E+04  0.381470E-05
  0.116415E-09  0.896806E-03 -0.116415E-09 -0.480803E-03  0.873115E-09  0.719534E-01
 0.8000
  0.136192E+05  0.648499E-04 -0.488281E-02  0.305176E-04  0.654832E+04 -0.106812E-03
 -0.762939E-05  0.136192E+05 -0.433922E-03 -0.654830E+04  0.236511E-03  0.213623E-03
  0.708008E-02 -0.610352E-03  0.748672E+05 -0.165100E-01  0.292969E-02  0.610352E-04
 -0.152588E-04 -0.589087E+04 -0.362396E-04  0.280946E+04 -0.176430E-03  0.894547E-03
  0.589088E+04  0.133514E-04 -0.749969E-02 -0.743866E-04  0.280949E+04 -0.228882E-04
 -0.931323E-09 -0.285916E-06  0.931323E-09  0.110425E-02  0.186265E-08 -0.657571E+00
 0.9000
  0.296070E+05 -0.411987E-03  0.131531E-01 -0.534058E-04  0.128260E+05  0.305176E-04
  0.305176E-03  0.296070E+05 -0.120735E-02 -0.128259E+05 -0.122070E-03  0.534058E-03
  0.142822E-01 -0.732422E-03  0.823605E+05 -0.704956E-02 -0.107422E-01 -0.122070E-03
 -0.228882E-04 -0.114784E+05  0.495911E-04  0.499915E+04 -0.400543E-04  0.133133E-02
  0.114784E+05 -0.762939E-04 -0.210190E-01 -0.228882E-04  0.499910E+04 -0.152588E-04
  0.372529E-08  0.533968E-03  0.931323E-09  0.469087E-03 -0.149012E-07  0.227168E+01
 1.0000
  0.570972E+05 -0.366211E-03 -0.271606E-01 -0.106812E-03  0.219791E+05 -0.549316E-03
 -0.549316E-03  0.570972E+05  0.249863E-03 -0.219790E+05 -0.747681E-03 -0.253296E-02
 -0.366211E-02 -0.149536E-02  0.845322E+05  0.432129E-01  0.251465E-01 -0.122070E-03
 -0.762939E-04 -0.195011E+05 -0.134468E-03  0.750452E+04 -0.953674E-04 -0.246429E-02
  0.195011E+05  0.144958E-03  0.257111E-02 -0.278473E-03  0.750450E+04  0.183105E-03
 -0.745058E-08  0.271046E-02  0.000000E+00 -0.236130E-02  0.000000E+00 -0.546713E+01
 1.1000
  0.981072E+05  0.610352E-04 -0.588989E-02  0.457764E-04  0.331303E+05  0.122070E-03
  0.244141E-03  0.981071E+05  0.290298E-02 -0.331302E+05 -0.701904E-03  0.109863E-02
  0.100098E-01 -0.680542E-02  0.819937E+05  0.262756E-01 -0.156250E-01 -0.122070E-03
 -0.457764E-04 -0.290723E+05 -0.638962E-03  0.994723E+04  0.137329E-03  0.534058E-03
  0.290722E+05  0.534058E-03  0.239563E-02 -0.419617E-04  0.994727E+04  0.518799E-03
 -0.372529E-08  0.978987E-02  0.745058E-08 -0.686897E-02 -0.596046E-07 -0.207420E+01
 1.2000
  0.149885E+06  0.292969E-02  0.278320E-01  0.000000E+00  0.438519E+05  0.122070E-02
 -0.366211E-03  0.149885E+06  0.125122E-02 -0.438518E+05  0.549316E-03 -0.164795E-02
  0.124512E-01 -0.457764E-03  0.758815E+05 -0.229797E-01  0.781250E-02 -0.122070E-03
 -0.305176E-04 -0.378549E+05  0.305176E-03  0.108681E+05 -0.312805E-03  0.570679E-02
  0.378547E+05  0.762939E-04 -0.225067E-01 -0.686646E-04  0.108680E+05 -0.183105E-03
 -0.298023E-07 -0.880326E-02  0.000000E+00  0.648646E-02 -0.149012E-07 -0.818236E+01
 1.3000
  0.204048E+06  0.854492E-03  0.393066E-01  0.762939E-03  0.502067E+05  0.732422E-03
  0.000000E+00  0.204048E+06 -0.277710E-02 -0.502067E+05 -0.183105E-02  0.177002E-01
 -0.161133E-01  0.186768E-01  0.673194E+05 -0.357666E-01  0.336914E-01 -0.122070E-03
  0.335693E-03 -0.425546E+05  0.762939E-04  0.105666E+05 -0.228882E-03 -0.198364E-02
  0.425544E+05  0.427246E-03  0.653992E-01  0.396729E-03  0.105667E+05 -0.183105E-03
 -0.596046E-07  0.208196E-01  0.000000E+00 -0.127827E-01 -0.178814E-06  0.471033E+02
 1.4000
  0.249519E+06  0.207520E-02  0.143433E-01 -0.152588E-02  0.510646E+05  0.292969E-02
 -0.976562E-03  0.249519E+06  0.533295E-02 -0.510645E+05  0.701904E-03 -0.106201E-01
 -0.400391E-01  0.173035E-01  0.571723E+05  0.185699E-01 -0.292969E-01  0.122070E-03
  0.122070E-03 -0.422125E+05 -0.236511E-02  0.776244E+04  0.320435E-03  0.500488E-02
  0.422123E+05 -0.106812E-03  0.784454E-01 -0.343323E-03  0.776237E+04  0.854492E-03
  0.119209E-06 -0.139943E-01  0.000000E+00  0.114862E-01  0.000000E+00 -0.989739E+02
 1.5000
  0.279952E+06  0.854492E-03  0.234375E-01  0.122070E-03  0.453426E+05  0.976562E-03
  0.244141E-03  0.279952E+06  0.141144E-02 -0.453426E+05 -0.219727E-02  0.200195E-01
  0.208740E-01  0.106812E-02  0.473607E+05 -0.126343E-01 -0.402832E-02  0.000000E+00
 -0.244141E-03 -0.363104E+05  0.555038E-03  0.664991E+04 -0.572205E-04 -0.102692E-01
  0.363104E+05  0.411987E-03  0.203552E-01  0.419617E-04  0.665001E+04 -0.122070E-03
  0.000000E+00 -0.261931E-01  0.596046E-07  0.205650E-01  0.238419E-06  0.825517E+02
 1.6000
  0.294275E+06 -0.244141E-03  0.147705E-01 -0.231934E-02  0.375823E+05  0.976562E-03
  0.219727E-02  0.294275E+06  0.343323E-03 -0.375824E+05  0.396729E-03 -0.683594E-02
  0.187988E-01  0.671387E-02  0.374118E+05  0.137634E-01  0.295410E-01 -0.122070E-03
  0.137329E-03 -0.284482E+05  0.275612E-03  0.186388E+04 -0.110626E-03 -0.935364E-02
  0.284481E+05  0.244141E-03  0.798340E-01  0.305176E-04  0.186388E+04  0.213623E-03
 -0.238419E-06  0.263576E-01 -0.894070E-07 -0.146418E-01  0.000000E+00  0.104488E+03
 1.7000
  0.296042E+06 -0.573730E-02  0.306396E-01  0.131226E-02  0.276072E+05 -0.146484E-02
  0.000000E+00  0.296042E+06  0.402069E-02 -0.276072E+05  0.213623E-02 -0.262451E-01
 -0.732422E-03 -0.302124E-02  0.290927E+05 -0.461578E-02 -0.610352E-03 -0.122070E-03
  0.762939E-04 -0.193662E+05  0.343323E-04  0.183009E+04 -0.343323E-04  0.631714E-02
  0.193661E+05 -0.289917E-03  0.169258E-01  0.591278E-04  0.183001E+04  0.366211E-03
 -0.119209E-06  0.163198E-01  0.000000E+00 -0.601956E-02  0.119209E-06  0.661054E+02
 1.8000
  0.288909E+06  0.146484E-02  0.104370E-01 -0.158691E-02  0.188714E+05  0.292969E-02
 -0.976562E-03  0.288908E+06  0.701904E-03 -0.188714E+05  0.122070E-02 -0.112305E-01
 -0.257568E-01 -0.350952E-02  0.218355E+05 -0.367737E-02 -0.171509E-01  0.000000E+00
 -0.167847E-03 -0.113250E+05  0.163794E-03  0.290146E+02  0.257492E-04 -0.104980E-01
  0.113249E+05 -0.457764E-04 -0.627613E-01 -0.486374E-04  0.289825E+02 -0.457764E-04
  0.000000E+00 -0.281487E-01  0.000000E+00  0.215917E-01  0.000000E+00  0.458709E+02
 1.9000
  0.276573E+06 -0.292969E-02  0.628662E-02  0.762939E-03  0.122632E+05 -0.341797E-02
  0.366211E-02  0.276573E+06  0.961304E-03 -0.122632E+05  0.305176E-04 -0.427246E-02
 -0.194092E-01  0.402832E-02  0.162701E+05  0.768661E-02 -0.211792E-01  0.000000E+00
  0.152588E-04 -0.558210E+04  0.629425E-04 -0.613635E+04  0.276566E-04  0.107937E-01
  0.558202E+04 -0.801086E-04  0.198517E-01 -0.529289E-04 -0.613637E+04  0.839233E-04
  0.596046E-07 -0.341451E-01  0.000000E+00  0.128984E-01  0.000000E+00  0.402491E+02
 2.0000
  0.261277E+06  0.158691E-02  0.286255E-01 -0.747681E-03  0.582535E+04  0.585938E-02
  0.146484E-02  0.261277E+06  0.366211E-02 -0.582531E+04 -0.100708E-02  0.183105E-01
 -0.469971E-01 -0.225830E-02  0.114562E+05 -0.255585E-02 -0.164795E-02  0.000000E+00
  0.190735E-05  0.856854E+02  0.149012E-04  0.367985E+04 -0.309944E-04 -0.570393E-02
 -0.857250E+02  0.953674E-05  0.505209E-03 -0.160933E-04  0.367994E+04  0.000000E+00
  0.000000E+00 -0.627637E-03  0.000000E+00  0.176092E-02  0.149012E-06  0.458944E+02
 2.1000
  0.245054E+06 -0.268555E-02  0.119690E+00 -0.396729E-03  0.254483E+04 -0.488281E-03
  0.122070E-02  0.245055E+06 -0.177765E-02 -0.254479E+04  0.747681E-03 -0.106201E-01
 -0.135498E-01 -0.930786E-03  0.655903E+04  0.724792E-04  0.232391E-01  0.000000E+00
 -0.305176E-04  0.253040E+04 -0.545979E-04 -0.211727E+04 -0.286102E-05  0.400448E-02
 -0.253051E+04 -0.276566E-04 -0.112002E+00  0.810623E-05 -0.211744E+04  0.343323E-04
 -0.596046E-07  0.266941E-02 -0.260770E-07  0.149598E-02  0.670552E-06  0.367418E+02
 2.2000
  0.228627E+06 -0.610352E-03  0.885010E-02  0.610352E-03  0.473810E+03  0.146484E-02
  0.976562E-03  0.228627E+06 -0.576019E-03 -0.473766E+03  0.610352E-04 -0.219727E-02
  0.148438E+00 -0.198364E-03  0.138910E+05 -0.597763E-02 -0.623779E-01  0.000000E+00
  0.152588E-04  0.366531E+04 -0.123739E-03 -0.444594E+04 -0.400543E-04  0.343685E-01
 -0.366539E+04  0.305176E-04 -0.151424E-01  0.000000E+00 -0.444593E+04 -0.762939E-05
  0.000000E+00 -0.209788E-01  0.894070E-07  0.104427E-01  0.202656E-05 -0.675721E+02
 2.3000
  0.212132E+06 -0.305176E-02  0.683594E-02 -0.366211E-03 -0.191661E+03 -0.488281E-03
  0.170898E-02  0.212132E+06  0.248718E-02  0.191657E+03  0.305176E-04 -0.646973E-02
 -0.579834E-02 -0.225830E-02  0.670638E+04 -0.194740E-02 -0.769043E-02  0.000000E+00
  0.171661E-04  0.379430E+04  0.151396E-04  0.293974E+04 -0.195503E-04  0.532722E-02
 -0.379429E+04  0.381470E-05 -0.123510E-01 -0.156164E-04  0.293976E+04  0.228882E-04
  0.000000E+00 -0.114299E-01  0.000000E+00  0.107668E-02  0.476837E-06  0.645624E+02
 2.4000
  0.196652E+06  0.122070E-02  0.497437E-02 -0.457764E-04  0.424055E+03 -0.195312E-02
  0.000000E+00  0.196652E+06 -0.440598E-03 -0.424068E+03  0.190735E-03 -0.537109E-02
 -0.366211E-02 -0.122833E-02  0.336095E+04 -0.382423E-03 -0.289917E-03  0.000000E+00
  0.953674E-05  0.202477E+04 -0.124574E-04 -0.272562E+03  0.315905E-05 -0.573730E-02
 -0.202479E+04 -0.286102E-05  0.229633E-02 -0.411272E-05 -0.272524E+03  0.152588E-04
 -0.298023E-07  0.142955E-02  0.372529E-08 -0.891116E-02 -0.298023E-07 -0.118928E+02
 2.5000
  0.182475E+06  0.244141E-02 -0.138855E-02  0.724792E-03  0.242779E+04  0.488281E-03
 -0.732422E-03  0.182475E+06  0.347137E-03 -0.242782E+04 -0.167847E-03 -0.366211E-02
  0.640869E-02  0.854492E-03  0.264150E+04  0.708580E-03 -0.293732E-02  0.000000E+00
  0.715256E-05 -0.168976E+04  0.102282E-03  0.163960E+04  0.858307E-05 -0.243998E-02
  0.168968E+04  0.143051E-05  0.354290E-02  0.329018E-04  0.163956E+04  0.143051E-04
 -0.119209E-06  0.839275E-02  0.745058E-08 -0.135418E-01 -0.447035E-06  0.504143E+02
 2.6000
  0.169719E+06  0.732422E-03 -0.335693E-02 -0.381470E-05  0.121100E+05  0.146484E-02
  0.000000E+00  0.169719E+06 -0.103378E-02 -0.121101E+05  0.331879E-03 -0.202637E-01
  0.979614E-02 -0.168610E-02  0.160899E+04  0.662804E-04  0.384140E-02  0.000000E+00
 -0.122070E-03 -0.141875E+05  0.560284E-03  0.352444E+04  0.667572E-04 -0.129166E-01
  0.141874E+05  0.000000E+00  0.219345E-02 -0.696182E-04  0.352444E+04  0.244141E-03
  0.000000E+00 -0.660113E-02  0.819564E-07  0.262931E-01 -0.298023E-06 -0.501104E+02
 2.7000
  0.148864E+06  0.122070E-03  0.585938E-02 -0.190735E-03 -0.569540E+04  0.219727E-02
  0.976562E-03  0.148864E+06 -0.951767E-03  0.569559E+04  0.114441E-04  0.366211E-02
  0.457764E-03  0.286102E-03  0.995497E+03 -0.409126E-03 -0.185013E-02  0.152588E-04
 -0.915527E-04  0.113938E+05  0.852346E-04 -0.169938E+04  0.648499E-04 -0.861359E-02
 -0.113938E+05  0.610352E-04 -0.538826E-03  0.190735E-04 -0.169942E+04 -0.305176E-03
  0.000000E+00 -0.341514E-02 -0.745058E-08  0.572260E-04 -0.372529E-06  0.360722E+02
 2.8000
  0.139023E+06 -0.854492E-03 -0.109634E-01  0.225067E-03  0.106858E+04  0.000000E+00
  0.366211E-03  0.139023E+06  0.370979E-03 -0.106852E+04 -0.114441E-04 -0.207520E-02
  0.146484E-02  0.263214E-03  0.248172E+03 -0.154972E-05 -0.109673E-02  0.000000E+00
 -0.762939E-05  0.876091E+03 -0.365973E-04 -0.157808E+04  0.762939E-05  0.984192E-03
 -0.876101E+03  0.762939E-05  0.318336E-02 -0.653267E-04 -0.157808E+04 -0.228882E-04
 -0.298023E-07 -0.982305E-02  0.000000E+00 -0.327843E-02  0.447035E-07  0.145650E+02
 2.9000
  0.127666E+06 -0.244141E-03  0.348663E-02 -0.104904E-03  0.447373E+04  0.122070E-02
 -0.134277E-02  0.127666E+06 -0.101089E-03 -0.447371E+04  0.150681E-03  0.671387E-02
  0.419617E-02  0.461578E-03  0.147601E+03 -0.253916E-04  0.606060E-03  0.000000E+00
 -0.133514E-04 -0.297194E+04  0.588894E-04 -0.410797E+03  0.953674E-06 -0.335622E-02
  0.297192E+04  0.143051E-04  0.308990E-03  0.114441E-04 -0.410794E+03 -0.419617E-04
 -0.119209E-06  0.324169E-01 -0.465661E-08  0.567715E-02  0.104308E-06 -0.373668E+02
 3.0000
  0.117853E+06  0.732422E-03  0.391388E-02  0.267029E-04  0.653117E+04  0.000000E+00
  0.122070E-03  0.117853E+06  0.144005E-03 -0.653116E+04  0.972748E-04  0.195312E-02
 -0.243378E-02  0.839233E-04  0.512250E+03 -0.208020E-03  0.276566E-03  0.000000E+00
  0.228882E-04 -0.500967E+04 -0.104189E-03  0.795436E+03 -0.271797E-04 -0.105667E-02
  0.500968E+04  0.228882E-04  0.172615E-02 -0.185966E-04  0.795437E+03  0.305176E-04
 -0.119209E-06 -0.749123E-02 -0.745058E-08 -0.244171E-02  0.000000E+00  0.536501E+02
 3.1000
  0.107921E+06 -0.732422E-03 -0.370026E-03  0.934601E-04  0.997223E+04 -0.976562E-03
  0.000000E+00  0.107921E+06 -0.208378E-03 -0.997223E+04 -0.286102E-05  0.183105E-03
 -0.228882E-04  0.896454E-04  0.376404E+03  0.467300E-04  0.972748E-03 -0.762939E-05
  0.137329E-03 -0.875759E+04  0.120401E-04 -0.633611E+02  0.481606E-04  0.167465E-02
  0.875760E+04 -0.877380E-04 -0.294399E-02  0.381470E-05 -0.633652E+02  0.305176E-04
  0.000000E+00 -0.818062E-02 -0.372529E-08  0.438225E-02  0.000000E+00 -0.917328E+02
 3.2000
  0.988250E+05 -0.976562E-03 -0.112534E-03  0.155449E-03  0.117812E+05  0.244141E-03
  0.732422E-03  0.988249E+05 -0.343323E-04 -0.117812E+05  0.438690E-04  0.183105E-03
  0.523376E-02  0.167847E-03 -0.430805E+02  0.607595E-05  0.138164E-02  0.000000E+00
 -0.305176E-04 -0.848218E+04 -0.455976E-05  0.274547E+03 -0.715256E-06  0.717163E-03
  0.848219E+04  0.915527E-04 -0.862360E-03 -0.131130E-04  0.274545E+03  0.152588E-03
  0.000000E+00 -0.383799E-02  0.000000E+00 -0.101533E-03  0.223517E-07 -0.172211E+02
 3.3000
  0.895151E+05  0.610352E-03  0.462914E-02 -0.126839E-03  0.139852E+05 -0.488281E-03
 -0.122070E-03  0.895151E+05  0.892878E-04 -0.139852E+05  0.720024E-04  0.415039E-02
  0.334549E-02  0.953674E-06  0.548559E+03  0.531673E-04  0.274658E-03 -0.190735E-05
  0.457764E-04 -0.933139E+04 -0.439882E-04  0.502858E+03 -0.263453E-04  0.144958E-03
  0.933139E+04 -0.457764E-04  0.125146E-02  0.134706E-04  0.502853E+03  0.610352E-04
 -0.119209E-06 -0.460249E-02  0.232831E-08  0.868524E-03  0.614673E-07 -0.435808E+02
 3.4000
  0.792700E+05  0.854492E-03  0.183231E-02  0.122190E-04  0.162437E+05  0.244141E-03
 -0.134277E-02  0.792700E+05 -0.332668E-05 -0.162438E+05 -0.527203E-04  0.915527E-03
  0.114822E-02  0.276566E-04  0.425835E+03 -0.118732E-03  0.753403E-04  0.190735E-05
 -0.915527E-04 -0.101376E+05 -0.298023E-06  0.216361E+04  0.284687E-04 -0.625610E-03
  0.101376E+05  0.915527E-04  0.235289E-03  0.196770E-04  0.216360E+04 -0.305176E-04
 -0.298023E-07 -0.683089E-02  0.698492E-09  0.597793E-03  0.838190E-08 -0.969607E+01
 3.5000
  0.565870E+05 -0.366211E-03  0.523567E-02  0.343323E-03  0.211540E+05  0.244141E-03
 -0.244141E-03  0.565870E+05  0.319242E-03 -0.211541E+05 -0.260353E-03 -0.384521E-02
  0.392914E-03 -0.123978E-04  0.273433E+03  0.376701E-04  0.244141E-03  0.190735E-05
 -0.610352E-04 -0.103511E+05  0.138581E-04  0.396087E+04  0.278950E-04 -0.579834E-03
  0.103511E+05  0.305176E-04  0.259638E-03 -0.941753E-05  0.396084E+04  0.305176E-04
  0.000000E+00 -0.464129E-02  0.000000E+00  0.150800E-02  0.372529E-08 -0.108012E+03
 3.6000
  0.556465E+05 -0.244141E-03  0.271606E-02 -0.301361E-03 -0.229855E+04 -0.854492E-03
  0.244141E-03  0.556466E+05 -0.495911E-04  0.229869E+04 -0.429153E-03 -0.390625E-02
  0.125885E-03  0.476837E-04  0.392965E+02  0.529587E-04  0.116706E-03 -0.190735E-05
  0.495911E-04 -0.699403E+04 -0.144243E-04 -0.110413E+04  0.762939E-05  0.281334E-02
  0.699400E+04  0.305176E-04  0.905991E-03 -0.338554E-04 -0.110411E+04  0.762939E-05
  0.238419E-06  0.694513E-03  0.000000E+00  0.194748E-02  0.121072E-06 -0.687466E+02
 3.7000
  0.694120E+05  0.244141E-03 -0.362396E-03  0.953674E-05  0.104990E+05 -0.732422E-03
 -0.244141E-03  0.694120E+05 -0.518560E-04 -0.104990E+05  0.591278E-04  0.372314E-02
  0.236511E-03 -0.305176E-04 -0.970374E+02  0.870228E-04  0.526905E-04 -0.190735E-05
  0.915527E-04 -0.144692E+05 -0.644922E-04  0.617382E+03  0.519753E-04  0.259399E-03
  0.144692E+05 -0.610352E-04  0.187874E-03 -0.157356E-04  0.617392E+03 -0.183105E-03
  0.000000E+00  0.133845E-02  0.232831E-09  0.683326E-03  0.745058E-08 -0.433974E+02
 3.8000
  0.620037E+05  0.976562E-03 -0.981331E-03 -0.832081E-04  0.138667E+05  0.000000E+00
  0.244141E-03  0.620036E+05 -0.679493E-04 -0.138667E+05  0.441074E-04  0.231934E-02
 -0.724792E-04  0.199318E-03 -0.882324E+02 -0.274181E-05 -0.312328E-04  0.000000E+00
 -0.610352E-04 -0.149600E+05  0.574589E-04  0.962880E+03  0.286102E-05  0.381470E-04
  0.149600E+05 -0.610352E-04 -0.702858E-03 -0.114441E-04  0.962883E+03  0.122070E-03
  0.000000E+00 -0.292635E-02 -0.349246E-09  0.535753E-03  0.116415E-07 -0.557207E+01
 3.9000
  0.555591E+05 -0.305176E-03 -0.154829E-02 -0.820756E-04  0.151146E+05  0.366211E-03
 -0.122070E-03  0.555591E+05 -0.637770E-05 -0.151145E+05  0.699162E-04 -0.115967E-02
  0.244141E-03 -0.762939E-05  0.140796E+03  0.942945E-04 -0.152111E-03  0.000000E+00
 -0.915527E-04 -0.138885E+05  0.295043E-05  0.191743E+04 -0.371933E-04 -0.503540E-03
  0.138885E+05 -0.610352E-04 -0.749111E-03 -0.464916E-05  0.191743E+04  0.915527E-04
  0.000000E+00  0.118713E-01 -0.116415E-09 -0.357823E-02  0.931323E-08 -0.269227E+02
 4.0000
  0.492074E+05 -0.610352E-04  0.622153E-03  0.512600E-05  0.156612E+05  0.366211E-03
 -0.610352E-03  0.492074E+05  0.186414E-04 -0.156612E+05 -0.160635E-03  0.408936E-02
 -0.232697E-03  0.119209E-04  0.498116E+02 -0.846386E-05 -0.132322E-04  0.000000E+00
  0.762939E-04 -0.122076E+05 -0.840425E-05  0.335107E+04  0.953674E-05 -0.161743E-02
  0.122076E+05 -0.305176E-04  0.293255E-04 -0.207424E-04  0.335107E+04 -0.122070E-03
  0.000000E+00 -0.689104E-02 -0.291038E-10  0.214315E-02  0.622240E-07  0.349792E+02
 4.1000
  0.405391E+05 -0.305176E-03  0.878811E-03 -0.102520E-03  0.162776E+05 -0.122070E-03
 -0.610352E-04  0.405391E+05 -0.278354E-04 -0.162776E+05 -0.119448E-03  0.183105E-02
  0.415802E-03 -0.648499E-04  0.176939E+03  0.482798E-05  0.131130E-03  0.000000E+00
  0.610352E-04 -0.102783E+05  0.138879E-04  0.423406E+04 -0.143051E-04 -0.396729E-03
  0.102783E+05  0.228882E-03  0.225067E-03  0.712872E-04  0.423405E+04 -0.122070E-03
  0.000000E+00 -0.313455E-02  0.127329E-10  0.907137E-03 -0.867585E-07  0.907144E+02
 4.2000
  0.216096E+05 -0.122070E-03  0.980377E-03 -0.514984E-04  0.154293E+05  0.122070E-03
 -0.305176E-03  0.216096E+05 -0.116587E-03 -0.154293E+05 -0.953674E-06 -0.473022E-02
  0.137329E-03  0.324249E-04  0.134915E+03  0.165999E-04  0.138283E-03  0.000000E+00
  0.915527E-04 -0.625702E+04  0.238419E-06  0.461365E+04  0.548363E-04  0.823975E-03
  0.625702E+04  0.228882E-04  0.128746E-03  0.104904E-04  0.461363E+04  0.000000E+00
  0.000000E+00 -0.371599E-02  0.116415E-09  0.943987E-03 -0.205124E-06  0.252471E+03
 4.3000
 -0.352253E+03 -0.596046E-07 -0.259340E-03 -0.366569E-05  0.943704E+02 -0.655651E-05
 -0.953674E-06 -0.352196E+03 -0.286847E-06 -0.943603E+02  0.447035E-06 -0.268555E-02
  0.000000E+00  0.149727E-03  0.974671E+01  0.600256E-04 -0.295937E-04  0.000000E+00
  0.953674E-06 -0.264396E+03 -0.273436E-05 -0.239698E+03 -0.953674E-06  0.949383E-03
  0.264379E+03  0.000000E+00 -0.126004E-03 -0.479817E-05 -0.239696E+03  0.190735E-05
  0.000000E+00 -0.230408E-02  0.945874E-10  0.103480E-02  0.310625E-06  0.741949E+03
 4.4000
  0.419103E+05 -0.122070E-03 -0.706673E-03  0.581741E-04  0.881340E+04 -0.488281E-03
  0.610352E-04  0.419103E+05 -0.101089E-03 -0.881334E+04  0.152588E-04  0.000000E+00
  0.308990E-03  0.696182E-04 -0.571619E+02  0.545233E-04  0.647306E-04  0.000000E+00
  0.152588E-04 -0.145433E+05 -0.286102E-05  0.216057E+04 -0.119209E-05  0.137329E-03
  0.145433E+05  0.183105E-03 -0.511169E-03 -0.312328E-04  0.216059E+04  0.274658E-03
  0.000000E+00 -0.106812E-02 -0.480213E-09  0.625864E-03 -0.556291E-06  0.178769E+04
 4.5000
  0.381241E+05 -0.183105E-03  0.370502E-03 -0.240803E-04  0.119851E+05  0.244141E-03
  0.122070E-03  0.381241E+05 -0.104904E-04 -0.119850E+05  0.405312E-05 -0.610352E-04
  0.331879E-03  0.276566E-04  0.109901E+02  0.685640E-04 -0.156909E-04  0.000000E+00
 -0.106812E-03 -0.139051E+05 -0.745058E-06  0.325943E+04 -0.288486E-04  0.549316E-03
  0.139051E+05 -0.152588E-04  0.166893E-04 -0.548363E-05  0.325944E+04  0.610352E-04
  0.000000E+00  0.201035E-02  0.582077E-09 -0.401039E-03 -0.366487E-05  0.413830E+04
 4.6000
  0.321415E+05 -0.152588E-03 -0.511974E-03  0.153482E-04  0.124989E+05  0.122070E-03
  0.915527E-04  0.321415E+05  0.983477E-06 -0.124989E+05  0.753999E-05  0.347900E-02
  0.123739E-03  0.186563E-04  0.111519E+03 -0.445545E-04 -0.300407E-04  0.596046E-06
  0.106812E-03 -0.115037E+05 -0.523776E-05  0.391434E+04 -0.109375E-04 -0.138092E-02
  0.115037E+05  0.305176E-04 -0.377446E-03  0.439584E-05  0.391434E+04  0.000000E+00
  0.000000E+00 -0.740051E-03  0.139698E-08  0.479476E-03 -0.119754E-04  0.901881E+04
 4.7000
  0.239752E+05  0.915527E-04  0.733376E-03 -0.183105E-03  0.121748E+05 -0.244141E-03
  0.152588E-03  0.239751E+05 -0.321269E-04 -0.121748E+05  0.410080E-04  0.219727E-02
  0.118256E-03  0.572205E-04 -0.585949E+02 -0.514239E-04  0.109673E-03 -0.190735E-05
  0.228882E-04 -0.819955E+04  0.447035E-06  0.412230E+04  0.691414E-05 -0.272369E-02
  0.819956E+04 -0.106812E-03  0.531435E-03  0.786781E-05  0.412229E+04 -0.305176E-04
  0.000000E+00  0.259399E-02  0.465661E-09 -0.848291E-03  0.254437E-05  0.183243E+05
 4.8000
  0.869197E+04 -0.457764E-04  0.101089E-02 -0.638962E-04  0.997703E+04  0.000000E+00
 -0.256598E-04  0.869194E+04  0.708103E-04 -0.997708E+04 -0.190735E-05  0.320017E-03
  0.228882E-04  0.143051E-04  0.129452E+02  0.351258E-04  0.712872E-04  0.000000E+00
  0.443459E-04 -0.278312E+04  0.290275E-04  0.387026E+04  0.381470E-04 -0.409365E-03
  0.278313E+04 -0.305176E-04  0.366211E-03 -0.245571E-04  0.387024E+04  0.000000E+00
  0.000000E+00  0.946045E-03 -0.931323E-09  0.711829E-03 -0.158846E-04  0.319335E+05
 4.9000
 -0.642425E+04 -0.209808E-04  0.624657E-03 -0.224113E-04  0.119070E+04  0.156403E-03
  0.000000E+00 -0.642426E+04 -0.858307E-05 -0.119072E+04  0.476837E-05  0.169373E-02
 -0.686646E-04  0.572205E-05  0.241091E+01 -0.697626E-04  0.403449E-05  0.000000E+00
  0.152588E-04  0.240826E+04 -0.122190E-04  0.444566E+03 -0.429153E-05 -0.159454E-02
 -0.240826E+04  0.238419E-06  0.178576E-03 -0.208616E-04  0.444559E+03 -0.169754E-03
  0.000000E+00 -0.457764E-02 -0.186265E-08  0.664487E-03  0.539422E-05  0.441068E+05
 5.0000
  0.272300E+05  0.335693E-03 -0.420570E-03 -0.476837E-06  0.573686E+04 -0.183105E-03
 -0.648499E-04  0.272300E+05 -0.348091E-04 -0.573681E+04  0.877380E-04 -0.488853E-02
  0.129700E-03 -0.953674E-05  0.644894E+01  0.294670E-04  0.506639E-06  0.000000E+00
 -0.120878E-03 -0.112233E+05  0.410080E-04  0.201742E+04 -0.834465E-05  0.245452E-02
  0.112233E+05  0.305176E-04 -0.289917E-03  0.107288E-04  0.201743E+04  0.305176E-04
  0.000000E+00 -0.695801E-02  0.372529E-08  0.265305E-02  0.636950E-04  0.497390E+05
