   8182.094      -1.570712       183630.1       1.550128     -1.6784668E-03
  1.4901161E-08 -1.5258789E-02  3.5858154E-04  2.4795532E-04 -6.5192580E-09
  -12552.06      0.9715350     -3.8146973E-05 -4.5474735E-13   16767.38    
  -1.570409       184761.0       14.36036      0.0000000E+00 -8.9406967E-08
  8.6975098E-03  9.1552734E-05 -9.5367432E-05 -7.4505806E-09  -11733.57    
   8.868834      0.0000000E+00 -1.8189894E-12   26344.96      -1.569696    
   187476.2       62.36480      1.9327799E-03 -2.9802322E-08  6.7545570E-02
  4.2724609E-04  1.0172526E-04  1.3411045E-07  -10964.72       37.45974    
  0.0000000E+00 -5.6843419E-12   37712.17      -1.568055       191994.0    
   213.1530      2.2888184E-03  2.8610229E-06  1.5258789E-03  3.0822754E-03
 -1.5258789E-04 -2.9802322E-07  -10523.54       122.9788      0.0000000E+00
  3.6379788E-12   51735.58      -1.564160       197732.8       668.2588    
 -1.5869141E-03  0.0000000E+00 -2.9418945E-02  2.3498535E-03 -1.5258789E-05
 -5.0067902E-06  -9377.985       365.9545     -3.0517578E-05  7.2759576E-12
   69651.85      -1.554981       205415.5       1996.894     -5.0862628E-04
 -2.1934509E-05 -1.4241536E-03  6.1035156E-04  0.0000000E+00  1.0013580E-05
  -6981.236       1023.117      0.0000000E+00  1.1641532E-10   93230.59    
  -1.535490       217347.4       5535.527     -7.8473776E-04  3.8146973E-06
 -3.2784600E-02 -2.3193359E-03 -2.1798271E-05  3.8146973E-06  -5242.072    
   2621.350     -4.3596541E-05  1.1641532E-10   120929.7      -1.499296    
   229800.1       13619.23     -6.1035156E-04 -7.6293945E-06 -1.0681152E-02
  7.0800781E-03 -9.5367432E-05 -1.5258789E-05  -2360.135       5890.883    
  0.0000000E+00 -9.3132257E-10   152830.4      -1.441958       244594.2    
   29607.02     -1.4919705E-03  3.0517578E-04  2.0345053E-04  1.4282227E-02
  3.3908422E-05 -2.2888184E-05  -1423.036       11478.37      0.0000000E+00
  3.7252903E-09   183476.4      -1.358700       254831.6       57097.22    
  2.1972656E-03 -5.4931641E-04  4.0893555E-03 -3.6621094E-03 -9.1552734E-05
 -7.6293945E-05  -1846.522       19501.08      3.0517578E-05 -7.4505806E-09
   209398.2      -1.251030       258108.6       98107.16     -2.5523792E-03
  2.4414062E-04  4.4111772E-03  1.0009766E-02 -1.3871626E-05 -4.5776367E-05
  -6126.241       29072.22      0.0000000E+00 -3.7252903E-09   223689.0    
  -1.124178       248849.0       149885.3      0.0000000E+00 -3.6621094E-04
 -3.4459431E-03  1.2451172E-02 -3.8146973E-05 -3.0517578E-05  -13435.78    
   37854.73      7.6293945E-05 -2.9802322E-08   221057.1     -0.9884122    
   225737.3       204047.6     -1.1268029E-03  0.0000000E+00  2.4766189E-03
 -1.6113281E-02 -5.6927023E-04  3.3569336E-04  -22667.07       42554.45    
  0.0000000E+00 -5.9604645E-08   199179.5     -0.8565876       192480.3    
   249519.3     -7.8473776E-04 -9.7656250E-04 -2.3324150E-03 -4.0039062E-02
 -1.6144344E-04  1.2207031E-04  -31413.98       42212.34      0.0000000E+00
  1.1920929E-07   161301.6     -0.7406352       156568.2       279952.5    
 -6.5104169E-04  2.4414062E-04  2.0914713E-02  2.0874023E-02 -7.1207680E-05
 -2.4414062E-04  -37798.04       36310.40     -4.0690105E-05  0.0000000E+00
   111764.9     -0.6500670       123410.2       294275.2      5.3405762E-04
  2.1972656E-03  0.0000000E+00  1.8798828E-02 -9.5367432E-05  1.3732910E-04
  -40882.45       28448.06     -3.8146973E-05 -2.3841858E-07   56421.25    
 -0.6137801       96186.54       296042.2     -7.1806065E-04  0.0000000E+00
 -7.6114428E-03 -7.3242188E-04  1.8849091E-04  7.6293945E-05  -41941.05    
   19366.12      3.5903031E-05 -1.1920929E-07   5825.863      -2.199184    
   75160.91       288908.7     -1.6954211E-04 -9.7656250E-04 -1.1528864E-02
 -2.5756836E-02  1.6954211E-04 -1.6784668E-04  -40239.74       11324.91    
  0.0000000E+00  0.0000000E+00   56414.61       2.866978       59672.32    
   276573.1      3.2123768E-05  3.6621094E-03 -5.0755553E-03 -1.9409180E-02
 -1.3652601E-04  1.5258789E-05  -38369.16       5582.021      0.0000000E+00
  5.9604645E-08   105752.3       2.866160       48497.81       261276.7    
  4.5776367E-05  1.4648438E-03  2.9907227E-03 -4.6997070E-02  5.5694580E-04
  1.9073486E-06  -35175.33      -85.72498      3.0517578E-05  0.0000000E+00
   147645.0       2.891106       40945.62       245054.5      0.0000000E+00
  1.2207031E-03  4.8246840E-03 -1.3549805E-02  4.6502979E-04 -3.0517578E-05
  -32798.75      -2530.510      2.9064362E-05 -5.9604645E-08   179711.7    
   2.918213       35882.53       228626.8     -6.9358131E-05  9.7656250E-04
  9.1552734E-03  0.1484375      1.0317022E-04  1.5258789E-05  -30723.46    
  -3665.388      2.7743252E-05  0.0000000E+00   200117.4       2.941790    
   32702.98       212131.7     -1.4761220E-04  1.7089844E-03  1.4329994E-03
 -5.7983398E-03 -1.6585641E-06  1.7166138E-05  -27744.67      -3794.294    
 -2.6537025E-05  0.0000000E+00   208370.4       2.966612       30763.63    
   196652.1      2.9881793E-04  0.0000000E+00 -8.1380206E-04 -3.6621094E-03
  8.2651772E-05  9.5367432E-06  -26194.64      -2024.794      2.5431314E-05
 -2.9802322E-08   204585.1       2.997999       29286.32       182475.2    
 -2.3193359E-04 -7.3242188E-04 -6.2500001E-03  6.4086914E-03  0.0000000E+00
  7.1525574E-06  -25182.38       1689.681     -2.4414063E-05 -1.1920929E-07
   189234.6       3.080247       25282.70       169719.1      1.6432542E-04
  0.0000000E+00 -5.1175631E-03  9.7961426E-03  1.5258789E-04 -1.2207031E-04
  -24291.83       14187.44     -2.3475061E-05  0.0000000E+00   158059.8    
   2.881886       38372.91       148863.9      5.7079172E-04  9.7656250E-04
 -3.8881653E-03  4.5776367E-04  5.3688331E-05 -9.1552734E-05  -23783.16    
  -11393.83     -2.2605613E-05  0.0000000E+00   123814.6       2.963366    
   35392.16       139023.1      3.4877233E-04  3.6621094E-04 -4.2942595E-03
  1.4648438E-03 -3.1607493E-04 -7.6293945E-06  -23981.50      -876.1009    
  0.0000000E+00 -2.9802322E-08   84120.04       2.989549       35864.76    
   127666.0      3.5779228E-04 -1.3427734E-03  2.1257070E-03  4.1961670E-03
  1.3154128E-04 -1.3351440E-05  -24222.65       2971.924      0.0000000E+00
 -1.1920929E-07   43336.81       3.010803       37016.30       117853.2    
 -9.9690759E-04  1.2207031E-04 -3.8248699E-03 -2.4337769E-03  2.6957193E-04
  2.2888184E-05  -24660.31       5009.680     -4.0690105E-05 -1.1920929E-07
   4641.068       3.103973       38421.98       107920.8     -1.2207031E-03
  0.0000000E+00 -2.5595389E-03 -2.2888184E-05 -2.1657637E-04  1.3732910E-04
  -24672.24       8757.603      3.9377523E-05  0.0000000E+00   28031.18    
 -0.1230121       39581.34       98824.98     -4.2915344E-04  7.3242188E-04
 -6.0272217E-03  5.2337646E-03 -3.1471252E-04 -3.0517578E-05  -24724.28    
   8482.189      0.0000000E+00  0.0000000E+00   51242.05     -8.5962318E-02
   40596.66       89515.08     -1.8495502E-05 -1.2207031E-04 -4.9660425E-03
  3.3454895E-03  2.0807440E-04  4.5776367E-05  -25335.25       9331.386    
  0.0000000E+00 -1.1920929E-07   62235.59     -2.5522286E-02   40895.86    
   79269.99      7.1806062E-05 -1.3427734E-03 -6.6869399E-03  1.1482239E-03
  1.7278334E-04 -9.1552734E-05  -25677.46       10137.58      0.0000000E+00
 -2.9802322E-08   51327.33      0.1772317       39335.48       56587.04    
 -4.1852679E-04 -2.4414063E-04 -2.8337750E-03  3.9291382E-04  2.8664726E-04
 -6.1035156E-05  -26687.61       10351.13      0.0000000E+00  0.0000000E+00
   76259.62     -0.8788856       62607.98       55646.50      8.1804063E-04
  2.4414063E-04 -6.2645809E-03  1.2588501E-04  1.6106501E-04  4.9591064E-05
  -22766.55       6993.997     -3.3908422E-05  2.3841858E-07   54896.88    
 -0.3875663       53498.35       69412.05      8.2479937E-06 -2.4414063E-04
 -3.9013012E-03  2.3651123E-04  1.8557987E-05  9.1552734E-05  -24943.97    
   14469.21      3.2991975E-05  0.0000000E+00   30769.89     -0.2993696    
   52657.30       62003.70      1.8471167E-04  2.4414063E-04 -7.7177351E-03
 -7.2479248E-05 -1.5258789E-04 -6.1035156E-05  -25956.21       14959.97    
  0.0000000E+00  0.0000000E+00   7816.806     -0.2468897       53013.82    
   55559.14      2.2692558E-04 -1.2207031E-04 -5.8531146E-03  2.4414063E-04
 -1.1346279E-04 -9.1552734E-05  -26811.51       13888.52     -3.1300078E-05
  0.0000000E+00   10821.77       2.894818       53425.75       49207.43    
 -4.8065186E-04 -6.1035156E-04  6.8664551E-05 -2.3269653E-04  9.9152327E-05
  7.6293945E-05  -27380.08       12207.61      0.0000000E+00  0.0000000E+00
   20944.34       2.938522       53744.96       40539.11     -8.1876431E-05
 -6.1035156E-05 -8.1597306E-03  4.1580200E-04  2.5772466E-04  6.1035156E-05
  -27764.35       10278.29      2.9773248E-05  0.0000000E+00   15522.52    
   2.873576       54214.46       21609.64      2.0345053E-04 -3.0517578E-04
 -8.7956022E-03  1.3732910E-04  2.7247839E-05  9.1552734E-05  -27842.25    
   6257.025      0.0000000E+00  0.0000000E+00   40963.62       1.565027    
   66609.94      -352.2531      9.1818874E-05 -9.5367432E-07 -7.6254020E-03
  0.0000000E+00 -1.4282936E-04  9.5367432E-07  -24494.99       264.3787    
  0.0000000E+00  0.0000000E+00   37969.68       2.362948       64354.59    
   41910.31      1.2917952E-04  6.1035156E-05 -7.6965853E-03  3.0899048E-04
  2.7396463E-04  1.5258789E-05  -25563.09       14543.26      5.5486504E-05
  0.0000000E+00   19508.67       2.478266       62279.20       38124.10    
  1.3224284E-04  1.2207031E-04 -5.2202013E-03  3.3187866E-04 -1.0172526E-05
 -1.0681152E-04  -26851.29       13905.08     -5.4253473E-05  0.0000000E+00
   4622.869       2.289228       61859.81       32141.51     -4.6439795E-04
  9.1552734E-05 -1.7539315E-03  1.2373924E-04 -3.2839569E-04  1.0681152E-04
  -28375.07       11503.66      0.0000000E+00  0.0000000E+00   4648.402    
 -0.4018929       61735.39       23975.17     -1.5583445E-04  1.5258789E-04
 -3.3812828E-03  1.1825562E-04 -2.4024477E-04  2.2888184E-05  -28211.17    
   8199.563     -5.1944815E-05  0.0000000E+00   6186.731      -1.297867    
   62598.09       8691.971      5.5948889E-04 -2.5659800E-05 -7.5626369E-03
  2.2888184E-05 -1.5258789E-04  4.4345856E-05  -28110.17       2783.130    
 -5.0862629E-05  0.0000000E+00   25079.03      -1.857306       69333.55    
  -6424.252     -5.5429887E-04  0.0000000E+00 -1.6037298E-03 -6.8664551E-05
 -2.3666692E-04  1.5258789E-05  -25901.18      -2408.263     -4.9824615E-05
  0.0000000E+00   25139.65      -1.169680       70276.44       27229.98    
 -5.7373045E-04 -6.4849854E-05 -1.2207031E-04  1.2969971E-04 -5.3405761E-06
 -1.2087822E-04  -25508.88       11223.29      0.0000000E+00  0.0000000E+00
  6.5270979E-05  0.4865194      1.4495850E-03 -1.6763806E-08   183630.1    
   1.549993      1.7471313E-02  2.4032593E-04   12551.95     -0.9711337    
  1.5258789E-04  7.4505806E-09 -2.8848648E-03 -7.9029587E-06  6.9978903E-04
  -2.865539     -1.4495850E-03 -8.9406967E-08   184760.9       14.36043    
  4.4631958E-03  5.1689148E-04   11733.39      -8.869369     -3.8146973E-05
 -6.3329935E-08  1.3890266E-02  2.9419166E-06  1.3749060E-03  8.8901535E-02
  1.6276041E-03 -8.9406967E-07   187476.2       62.36527      2.0853678E-02
 -3.8146973E-05   10964.77      -37.45882      1.2715657E-05 -4.0233135E-07
 -6.1670935E-04 -4.6136924E-05  2.6706804E-03  0.9970558     -7.6293945E-04
  7.1525574E-07   191994.0       213.1537     -9.4985962E-03  9.9182129E-04
   10523.72      -122.9798     -2.8610229E-05  5.3644180E-07  1.3546944E-02
 -4.5469948E-05  2.1279857E-03   1.242243      2.3193359E-03  6.9141388E-06
   197732.5       668.2574     -3.3569336E-03  3.0136108E-03   9377.857    
  -365.9532     -5.3405762E-05 -2.9802322E-06 -1.2222290E-02  1.4572386E-05
  6.1546471E-03   2.394772     -1.8310546E-03 -1.2397766E-05   205415.3    
   1996.893     -1.0706583E-02 -2.4871826E-03   6981.194      -1023.123    
  1.2715657E-05  1.3351440E-05 -1.6784667E-03  3.7226811E-05  1.5975158E-03
  -1.270191     -4.3596540E-04 -3.6239624E-05   217347.1       5535.520    
 -1.3035365E-02 -2.8991699E-03   5241.735      -2621.348      0.0000000E+00
 -1.2397766E-05  3.7520275E-02  8.9680578E-04  9.1845747E-03   2.302130    
 -2.2888184E-04  6.4849854E-05   229799.9       13619.23     -3.0136108E-03
 -6.1035156E-04   2359.959      -5890.872     -8.5830688E-05  1.3351440E-05
 -3.9625168E-03 -2.8591603E-07  3.5747276E-03  -2.118536      8.4092887E-03
 -4.1198730E-04   244594.0       29607.01     -1.0969374E-02 -7.3242188E-04
   1422.873      -11478.38      0.0000000E+00 -7.6293945E-05  2.1955702E-03
  5.3396821E-04  2.8669441E-02   1.696736     -4.0283203E-03 -3.6621094E-04
   254831.3       57097.22      4.4708252E-03 -1.4953613E-03   1846.265    
  -19501.14     -3.0517578E-05  1.4495850E-04  1.5258789E-02  2.7104616E-03
  2.7222518E-02   1.562949     -1.9975142E-03  6.1035156E-05   258108.6    
   98107.08      7.9068268E-04 -6.8054199E-03   6125.991      -29072.31    
 -1.5258789E-04  5.3405762E-04  3.1051636E-02  9.7898738E-03  7.9191206E-03
   3.079895     -2.0345052E-04  2.9296875E-03   248848.9       149885.2    
 -1.9168853E-03 -4.5776367E-04   13435.63      -37854.89     -5.0862629E-05
  7.6293945E-05 -1.3847350E-02 -8.8032577E-03  1.9529819E-02  -1.347043    
 -1.7841046E-03  8.5449219E-04   225737.2       204047.5      1.6725982E-04
  1.8676758E-02   22667.02      -42554.56      5.8687651E-06  4.2724609E-04
  2.4396457E-02  2.0819589E-02  1.6849048E-02  -1.360968     -1.6566686E-03
  2.0751953E-03   192480.2       249519.2      2.7247838E-04  1.7303467E-02
   31413.91      -42212.51      3.0790057E-04 -1.0681152E-04 -1.9302368E-02
 -1.3994306E-02  3.2681178E-02   1.737787     -1.7903646E-03  8.5449219E-04
   156568.2       279952.4     -2.5431314E-04  1.0681152E-03   37798.04    
  -36310.36     -5.2388507E-04  4.1198730E-04 -1.8198648E-02 -2.6193142E-02
  1.5794314E-02  -1.493432     -6.1035156E-04 -2.4414062E-04   123410.2    
   294275.2      6.7710876E-04  6.7138672E-03   40882.32      -28448.21    
 -9.5367432E-06  2.4414062E-04  9.3126297E-03  2.6357621E-02  1.5916022E-02
   1.647568     -2.8722425E-04 -5.7373047E-03   96186.52       296042.1    
  9.0655155E-04 -3.0212402E-03   41940.96      -19366.25      2.3336970E-04
 -2.8991699E-04  3.5633759E-03  1.6319752E-02  1.1355164E-02   1.549294    
  5.4253475E-04  1.4648438E-03   75160.90       288908.5      4.4928657E-04
 -3.5095215E-03   40239.67      -11325.01      2.0768908E-04 -4.5776367E-05
 -6.5104170E-03 -2.8148741E-02  1.8320717E-02  -1.604117     -4.0154709E-04
 -2.9296875E-03   59672.29       276572.9     -4.0957803E-04  4.0283203E-03
   38369.11      -5582.104     -1.6061884E-05 -8.0108643E-05 -2.0318283E-03
 -3.4145132E-02  7.1105300E-03  0.9685090     -9.1552734E-05  1.5869141E-03
   48497.80       261276.7     -3.8146973E-05 -2.2583008E-03   35175.27    
   85.68540      2.0217896E-04  9.5367432E-06  1.8005371E-03 -6.2763691E-04
  2.8182119E-03   2.833540      1.1625745E-04 -2.6855469E-03   40945.61    
   245054.6     -3.1244187E-04 -9.3078613E-04   32798.68       2530.399    
 -2.3523967E-04 -2.7656555E-05  3.2479423E-03  2.6694089E-03  5.9082061E-03
  0.5980309     -2.4968927E-04 -6.1035156E-04   35882.48       228626.7    
 -5.4099341E-04 -1.9836426E-04   30723.38       3665.306      2.3755159E-04
  3.0517578E-05  7.4143843E-03 -2.0978779E-02  6.8154880E-03   1.146207    
 -9.9513847E-05 -3.0517578E-03   32702.95       212131.6     -7.0323114E-04
 -2.2583008E-03   27744.58       3794.298     -6.1366867E-05  3.8146973E-06
  7.0986542E-04 -1.1429936E-02  2.3799725E-02  -1.540017      3.9339066E-05
  1.2207031E-03   30763.62       196652.0      5.8492023E-04 -1.2283325E-03
   26194.55       2024.774     -4.3869016E-04 -2.8610229E-06  1.5894572E-03
  1.4295503E-03  4.3847719E-03  0.6769149      1.9836425E-05  2.4414062E-03
   29286.30       182475.1      8.3618163E-04  8.5449219E-04   25182.29    
  -1689.755     -7.3242190E-05  1.4305115E-06  1.5991211E-03  8.3927512E-03
  5.7259304E-03   2.592033     -2.4061938E-04  7.3242188E-04   25282.65    
   169719.1      1.7606295E-05 -1.6860962E-03   24291.76      -14187.54    
 -9.3900242E-05  0.0000000E+00 -3.3451963E-04 -6.6011250E-03  2.3393272E-03
  -2.877629      1.7660635E-04  1.2207031E-04   38372.91       148864.0    
  3.1082719E-04  2.8610229E-04   23783.07       11393.84     -1.8367061E-04
  6.1035156E-05  3.4417047E-03 -3.4151375E-03  7.4252475E-04  -2.976444    
 -4.2506628E-04 -8.5449219E-04   35392.14       139023.1      6.4849854E-04
  2.6321411E-04   23981.44       876.0912      5.1770894E-05  7.6293945E-06
  8.7520052E-03 -9.8230541E-03  1.4749812E-03   2.714965      5.2616513E-05
 -2.4414062E-04   35864.70       127665.9      5.1038020E-04  4.6157837E-04
   24222.60      -2971.942      5.7878162E-05  1.4305115E-05  7.4136667E-03
  3.2416910E-02  5.8892332E-03  -3.100125     -4.6284994E-04  7.3242188E-04
   37016.30       117853.2     -9.1044110E-04  8.3923340E-05   24660.27    
  -5009.665      7.6293945E-05  2.2888184E-05  6.0017905E-03 -7.4912310E-03
  5.4591504E-04   2.034444      1.2797695E-04 -7.3242188E-04   38421.94    
   107920.7      6.7926222E-04  8.9645386E-05   24672.18      -8757.593    
 -1.0828819E-04 -8.7738037E-05 -1.8704323E-04 -8.1806183E-03  2.7889793E-03
  0.4048918      8.5830688E-05 -9.7656250E-04   39581.34       98824.94    
 -2.0980835E-03  1.6784668E-04   24724.25      -8482.185     -6.6757202E-05
  9.1552734E-05  1.6498566E-03 -3.8379878E-03  3.7703724E-03  -1.063698    
 -3.5141455E-04  6.1035156E-04   40596.62       89515.08      7.5831561E-04
  9.5367432E-07   25335.17      -9331.394     -5.5486507E-05 -4.5776367E-05
  2.4876450E-03 -4.6024919E-03  6.7760021E-04   3.006065      3.2312729E-04
  8.5449219E-04   40895.85       79269.96      5.2059395E-04  2.7656555E-05
   25677.40      -10137.58     -2.0644243E-04  9.1552734E-05  2.0644243E-04
 -6.8308935E-03  1.9683247E-03  -3.017238      1.0463170E-04 -3.6621094E-04
   39335.43       56586.99     -1.1989049E-04 -1.2397766E-05   26687.55    
  -10351.13     -3.4659248E-04  3.0517578E-05  2.3280552E-03 -4.6412945E-03
  4.2794305E-03  -1.627877      1.8649631E-04 -2.4414063E-04   62607.91    
   55646.61      3.6875409E-04  4.7683716E-05   22766.50      -6994.027    
 -1.8225776E-04  3.0517578E-05  3.0941435E-03  6.9451332E-04  9.0735283E-04
  -1.227772      7.6293945E-04  2.4414063E-04   53498.34       69412.02    
  1.2196722E-03 -3.0517578E-05   24943.89      -14469.21     -2.9692778E-04
 -6.1035156E-05  1.3609190E-03  1.3384521E-03  7.3496060E-04 -0.7266424    
 -1.3113022E-04  9.7656250E-04   52657.26       62003.63     -1.4817087E-03
  1.9931793E-04   25956.12      -14959.96      2.8108296E-04 -6.1035156E-05
  4.8747817E-03 -2.9263534E-03  4.0605585E-03   2.313667     -8.1673643E-05
 -3.0517578E-04   53013.80       55559.12      4.9982313E-04 -7.6293945E-06
   26811.47      -13888.53     -3.1691330E-04 -6.1035156E-05 -3.5212591E-04
  1.1871338E-02  1.3770158E-03  -2.918116     -2.8991699E-04 -6.1035156E-05
   53425.73       49207.41      5.3024292E-04  1.1920929E-05   27380.01    
  -12207.60      3.2424927E-04 -3.0517578E-05 -5.5618286E-03 -6.8910420E-03
  1.5307539E-03  -1.650626     -1.8422196E-04 -3.0517578E-04   53744.93    
   40539.05      1.7249875E-03 -6.4849854E-05   27764.29      -10278.29    
  9.1180569E-05  2.2888184E-04 -2.1585604E-04 -3.1345487E-03  1.2041882E-03
   1.723446      4.9772719E-04 -1.2207031E-04   54214.43       21609.59    
 -2.9650191E-03  3.2424927E-05   27842.16      -6257.018     -3.4604754E-04
  2.2888184E-05 -3.0590240E-03 -3.7159920E-03  4.0943627E-04   1.107149    
  1.2313487E-03 -5.9604645E-08   66609.91      -352.1963     -2.8203253E-03
  1.4972687E-04   24494.89      -264.3964      2.2355899E-04  0.0000000E+00
 -2.6969021E-04 -2.3040771E-03  3.1121945E-04 -0.1973956     -1.3871626E-04
 -1.2207031E-04   64354.57       41910.31      6.3993713E-05  6.9618225E-05
   25563.02      -14543.27     -7.6293945E-05  1.8310547E-04 -4.0366431E-03
 -1.0681152E-03  4.6937831E-04  0.1304033      5.4253473E-05 -1.8310547E-04
   62279.19       38124.08     -1.0517968E-03  2.7656555E-05   26851.24    
  -13905.08     -1.5936958E-04 -1.5258789E-05 -4.7878688E-03  2.0103455E-03
  1.0254087E-03   2.208345     -6.1035156E-04 -1.5258789E-04   61859.79    
   32141.49     -1.2157274E-03  1.8656254E-05   28375.03      -11503.66    
 -1.3766081E-04  3.0517578E-05 -2.9323413E-03 -7.4005127E-04  6.0805841E-04
   1.264917     -5.1620160E-04  9.1552734E-05   61735.38       23975.13    
  1.6391025E-03  5.7220459E-05   28211.11      -8199.554      6.3470070E-04
 -1.0681152E-04 -6.9865775E-03  2.5939941E-03  9.8084460E-04   1.477320    
  1.3669331E-04 -4.5776367E-05   62598.08       8691.938      1.2862682E-03
  1.4305115E-05   28110.10      -2783.119     -1.5258789E-04 -3.0517578E-05
 -1.9073485E-03  9.4604492E-04  9.6734735E-04  -2.951158     -1.8061424E-04
 -2.0980835E-05   69333.55      -6424.258      5.6364096E-04  5.7220459E-06
   25901.13       2408.265      6.5083406E-04  2.3841858E-07  2.5535116E-03
 -4.5776367E-03  2.2006538E-04 -0.5880026      5.1269529E-04  3.3569336E-04
   70276.38       27229.98     -5.3588869E-03 -9.5367432E-06   25508.82    
  -11223.30      2.4414063E-05  3.0517578E-05  1.9653321E-03 -6.9580078E-03
   3876.058      -3.028856     -3.7460327E-02 -6.7645777E-04 -2.4461746E-03
 -9.8254532E-08   400723.0       4340.626     -3.8871765E-02 -5.7043508E-08
  6.0119629E-02  2.5947485E-04 -4.4703484E-07 -7.3896445E-13   14836.00    
  -3.016794      2.6473999E-02  1.4782995E-03  4.2915344E-05 -1.8710271E-06
   384392.7       9182.669      2.2354126E-02  3.2829121E-07  0.1150513    
  5.4144971E-03  3.7252903E-07 -2.0463631E-12   32574.47      -3.000762    
 -6.1035152E-03  7.2273612E-04 -4.3042498E-03  4.6268106E-06   376126.3    
   15128.31     -1.1901855E-02 -1.5851110E-06  0.1940918      1.6729519E-02
 -2.9802322E-07 -2.2737368E-12   56777.77      -2.976723     -5.4435730E-02
 -4.5382977E-03 -9.3460083E-04  2.0712614E-05   370066.0       23046.00    
  8.8348389E-02 -6.6235662E-06  0.2465820      1.9543409E-02 -2.4214387E-07
 -3.6379788E-12   86732.15      -2.941676      3.1127930E-02  5.4311752E-03
 -1.3275146E-03 -3.5375357E-05   363572.0       33881.25      1.0375977E-02
  1.0251999E-05 -0.1562500     -1.6722918E-02  1.4454126E-06  2.5465852E-11
   120368.5      -2.894709      0.2459717      8.0094337E-02  1.6085306E-03
  1.4305115E-06   353167.5       47756.00     -2.8940836E-02 -4.9769878E-05
 -0.1973470     -6.0481548E-02  1.2914339E-06 -3.2741809E-11   154204.5    
  -2.840805     -3.9454870E-02 -1.9641876E-02 -1.5422277E-03  4.7445297E-04
   337330.4       62602.34     -4.0544784E-03  1.0514259E-04  9.4168529E-02
  2.7087212E-02 -4.2574746E-07 -1.1641532E-10   184775.7      -2.788471    
 -6.8664551E-03 -4.8828125E-03 -1.8501282E-03 -4.3392181E-04   317963.6    
   74867.20      1.4495850E-03 -3.6239624E-05 -4.0588379E-02 -7.4996948E-03
 -4.4703484E-07  9.3132257E-10   210266.1      -2.742949      8.8840062E-03
  1.3153076E-02  1.6021729E-03 -1.2073517E-03   299007.3       82360.48    
 -1.1698405E-02  4.9591064E-05 -3.5264757E-03 -2.1018982E-02  9.4374025E-07
  9.3132257E-10   229989.5      -2.706287     -1.3000488E-02 -2.7160645E-02
 -2.4414062E-04  2.4986267E-04   283287.3       84532.16     -1.6784668E-03
 -1.3446808E-04  5.8593750E-03  2.5711060E-03 -1.1920929E-07  0.0000000E+00
   242779.7      -2.676070      7.2132458E-04 -5.8898926E-03 -1.2276389E-03
  2.9029846E-03   270320.5       81993.74     -6.4364346E-03 -6.3896179E-04
  8.6558945E-02  2.3956299E-03 -4.3348831E-07  7.4505806E-09   248805.2    
  -2.651580     -2.1362305E-03  2.7832031E-02 -1.3987222E-04  1.2512207E-03
   261458.6       75881.51     -1.4851888E-02  3.0517578E-04  4.8014320E-02
 -2.2506714E-02 -6.9538748E-07  0.0000000E+00   248620.9      -2.635118    
  1.1925331E-02  3.9306641E-02  1.1209341E-03 -2.7770996E-03   256921.3    
   67319.41     -1.1596680E-02  7.6293945E-05  2.9296877E-02  6.5399170E-02
 -8.7114483E-07  0.0000000E+00   241361.5      -2.621462      2.6157923E-04
  1.4343262E-02 -5.4277694E-03  5.3329468E-03   254214.8       57172.27    
 -2.6114328E-02 -2.3651123E-03  1.1160715E-02  7.8445435E-02  2.5544847E-07
  0.0000000E+00   228963.5      -2.614391      5.2490234E-03  2.3437500E-02
  2.5761921E-03  1.4114380E-03   254666.3       47360.72      4.1503906E-03
  5.5503845E-04 -2.6367188E-02  2.0355225E-02 -4.7683716E-07  5.9604645E-08
   211387.5      -2.611254     -2.4032593E-03  1.4770508E-02 -2.1696091E-03
  3.4332275E-04   256106.4       37411.82      1.5792847E-02  2.7561188E-04
 -5.4321289E-02  7.9833984E-02 -2.6077032E-07 -8.9406967E-08   190445.7    
  -2.613493     -1.3741885E-02  3.0639648E-02 -1.2902652E-04  4.0206909E-03
   258727.0       29092.70     -2.5239831E-02  3.4332275E-05  3.8200825E-02
  1.6925812E-02 -8.9406967E-07  0.0000000E+00   166936.6      -2.621310    
 -8.4855827E-03  1.0437012E-02 -5.7114498E-04  7.0190430E-04   261782.9    
   21835.47      6.5104170E-03  1.6379356E-04  1.8988716E-03 -6.2761307E-02
 -1.7281208E-07  0.0000000E+00   142468.6      -2.635339      4.0917648E-03
  6.2866211E-03  3.1245383E-04  9.6130371E-04   264878.4       16270.08    
 -1.8021433E-02  6.2942505E-05 -1.6961349E-02  1.9851685E-02 -1.4705093E-06
  0.0000000E+00   117650.0      -2.658591     -2.2850037E-03  2.8625488E-02
 -2.1648407E-04  3.6621094E-03   267726.5       11456.18      2.6428223E-02
  1.4901161E-05 -2.9296875E-02  5.0520897E-04 -4.4284388E-07  0.0000000E+00
   93769.66      -2.700794      4.5812700E-02  0.1196899      1.2897310E-04
 -1.7776489E-03   269903.0       6559.027      3.0168807E-02 -5.4597855E-05
  0.1362537     -0.1120024     -9.6502765E-07 -2.6077032E-08   68985.81    
  -2.640113      2.0807439E-04  8.8500977E-03  4.8897479E-04 -5.7601929E-04
   272385.7       13890.99     -1.0930842E-02 -1.2373924E-04 -5.7705967E-03
 -1.5142441E-02  1.4901161E-07  8.9406967E-08   52471.11      -2.730623    
 -2.4944805E-03  6.8359375E-03  9.0806384E-04  2.4871826E-03   275145.3    
   6706.375      2.5422471E-02  1.5139580E-05  2.6749320E-02 -1.2351036E-02
  3.7414873E-07  0.0000000E+00   36585.12      -2.803299      3.9100647E-03
  4.9743652E-03 -3.2107034E-04 -4.4059753E-04   277429.1       3360.953    
  1.0630289E-02 -1.2457371E-05 -1.2613932E-02  2.2963285E-03  7.3652092E-07
  3.7252903E-09   23176.13      -2.895515      1.7578125E-03 -1.3885498E-03
  5.2490237E-04  3.4713745E-04   277846.2       2641.503     -1.8408203E-02
  1.0228157E-04  2.4218749E-02  3.5429001E-03 -8.3446501E-08  7.4505806E-09
   13155.49      -3.045012      7.5002820E-03 -3.3569336E-03  3.3598681E-04
 -1.0337830E-03   279113.0       1608.995      8.9205231E-04  5.6028366E-04
  1.0892428E-02  2.1934509E-03  9.7430677E-07  8.1956387E-08   6305.773    
   2.912784     -3.3343278E-03  5.8593750E-03  1.2221159E-03 -9.5176697E-04
   281465.5       995.4965      3.3275463E-02  8.5234642E-05  1.5914351E-02
 -5.3882599E-04  5.3870110E-07 -7.4505806E-09   2698.250       1.991518    
 -1.5367781E-03 -1.0963440E-02  5.7765417E-04  3.7097931E-04   282155.0    
   248.1717     -6.8010604E-03 -3.6597252E-05 -8.1961498E-02  3.1833649E-03
 -1.7828175E-07  0.0000000E+00   3184.625      0.7995586     -6.7349137E-03
  3.4866333E-03  2.3282807E-04 -1.0108948E-04   282575.3       147.6006    
 -2.2351494E-02  5.8889389E-05  5.0511854E-03  3.0899048E-04 -2.9802322E-07
 -4.6566129E-09   4200.344      0.2644662      1.6479492E-03  3.9138794E-03
 -3.8528442E-04  1.4400482E-04   283282.8       512.2502      3.2877605E-02
 -1.0418892E-04 -3.8736980E-02  1.7261505E-03  7.4505806E-07 -7.4505806E-09
   5657.187     -0.5040008      1.0159400E-02 -3.7002563E-04  1.7227665E-05
 -2.0837784E-04   284515.0       376.4043     -2.0397557E-02  1.2040138E-05
 -0.1184476     -2.9439926E-03 -1.6583550E-07 -3.7252903E-09   13466.26    
  0.7124022      1.3027191E-02 -1.1253357E-04  1.3589859E-03 -3.4332275E-05
   285547.0      -43.08052     -2.9525757E-02 -4.5597553E-06 -0.1785278    
 -8.6236000E-04  3.0733645E-07  0.0000000E+00   5119.917      0.5507611    
  1.7200816E-02  4.6291351E-03  1.8796055E-03  8.9287758E-05   285185.1    
   548.5594     -5.1269531E-02 -4.3988228E-05  6.2144888E-03  1.2514591E-03
 -7.5860459E-07  2.3283064E-09   3031.976      0.3063052      1.6874425E-03
  1.8323064E-03  1.8849091E-04 -3.3266842E-06   285225.8       425.8348    
 -5.6475468E-02 -2.9802322E-07 -3.6764704E-02  2.3528934E-04  7.5163206E-07
  6.9849193E-10   1474.873      0.1391913      1.1683872E-03  5.2356720E-03
  7.6729909E-04  3.1924248E-04   285686.9       273.4329      2.3646763E-02
  1.3858080E-05  3.8225446E-02  2.5963783E-04 -1.8520015E-07  0.0000000E+00
   190.9770     -0.1531151     -2.1701390E-03  2.7160645E-03  3.8146973E-04
 -4.9591064E-05   286792.0       39.29651      1.7971463E-03 -1.4424324E-05
 -6.5104172E-02  9.0599060E-04  1.0968910E-07  0.0000000E+00   910.4901    
   2.918321     -1.3196790E-04 -3.6239624E-04 -9.6089131E-04 -5.1856041E-05
   287002.0      -97.03744     -2.7251372E-02 -6.4492226E-05  3.4839526E-02
  1.8787384E-04 -3.0205054E-08  2.3283064E-10   2103.948       2.644217    
  6.6174958E-03 -9.8133087E-04 -1.9916736E-03 -6.7949295E-05   286859.9    
  -88.23238     -1.8599661E-02  5.7458878E-05 -3.1866778E-02 -7.0285797E-04
 -2.3332082E-07 -3.4924597E-10   4573.534       2.505384      6.2287156E-03
 -1.5482903E-03 -8.0597703E-04 -6.3776970E-06   286857.9       140.7963    
 -1.9719049E-03  2.9504299E-06 -1.4022436E-02 -7.4911118E-04 -2.2351742E-07
 -1.1641532E-10   6081.760      -2.712236     -3.9520264E-03  6.2215328E-04
 -7.4005127E-04  1.8641353E-05   287015.7       49.81164      8.3312988E-03
 -8.4042549E-06  6.2988281E-02  2.9325485E-05 -6.3702464E-07 -2.9103830E-11
   2389.753      -2.640977      4.1533681E-03  8.7881088E-04  1.6970751E-03
 -2.7835369E-05   287645.8       176.9387      1.3159775E-02  1.3887882E-05
 -2.8105946E-02  2.2506714E-04  3.3618474E-07  1.2732926E-11   1002.966    
  -2.879098      5.5076964E-03  9.8037720E-04  4.6684631E-04 -1.1658669E-04
   288375.6       134.9145     -3.2610215E-02  2.3841858E-07  9.3005958E-04
  1.2874603E-04  7.3441441E-07  1.1641532E-10   3.050421      3.2523725E-02
  6.3306228E-03 -2.5933981E-04 -2.8459416E-03 -2.8684735E-07   288419.3    
   9.746708      2.5719929E-02 -2.7343631E-06 -4.5421510E-03 -1.2600422E-04
 -4.5050019E-08  9.4587449E-11   1044.859     -0.2385306      1.0098544E-02
 -7.0667267E-04 -7.0918689E-04 -1.0108948E-04   288571.3      -57.16188    
  1.5536221E-03 -2.8610229E-06 -3.0628551E-02 -5.1116943E-04 -9.3809581E-07
 -4.8021320E-10   2377.985     -0.4234864      3.3094618E-03  3.7050247E-04
  9.8503963E-04 -1.0490417E-05   288960.2       10.99013      4.9913195E-03
 -7.4505806E-07 -6.4670138E-02  1.6689301E-05  4.5862464E-07  5.8207661E-10
   5016.147     -0.2538632      2.4679434E-03 -5.1197410E-04  5.7718030E-04
  9.8347664E-07   280079.6       111.5193      2.4307914E-02 -5.2377582E-06
 -3.0570652E-02 -3.7744641E-04  1.6585641E-06  1.3969839E-09   3644.579    
  0.3993126      4.7010058E-03  7.3337555E-04  2.6037339E-03 -3.2126904E-05
   281140.7      -58.59492      1.2362866E-02  4.4703484E-07 -2.4102395E-02
  5.3143501E-04 -5.4690435E-07  4.6566129E-10   1622.036      0.3253249    
  1.3910929E-02  1.0108948E-03  2.1298726E-03  7.0810318E-05   281615.2    
   12.94522      2.4363199E-02  2.9027462E-05 -3.2958984E-02  3.6621094E-04
 -5.3395826E-07 -9.3132257E-10   495.8488      5.4086614E-02 -1.4947385E-04
  6.2465668E-04  1.3234664E-03 -8.5830688E-06   282106.7       2.410909    
 -3.7567761E-02 -1.2218952E-05 -5.6600764E-02  1.7857552E-04  7.9979702E-07
 -1.8626451E-09   516.6155       2.950282      2.7832030E-03 -4.2057037E-04
  6.6528318E-04 -3.4809113E-05   282742.8       6.448940     -2.5390625E-02
  4.1007996E-05 -1.9531250E-03 -2.8991699E-04  9.4175340E-07  3.7252903E-09
  2.0911121E-03   3.116507     -1.9073486E-05  2.3283064E-09   4250.671    
  -1.063067      0.4354858     -1.8692017E-03   1014548.      0.6671512    
 -3.8146973E-03 -2.3283064E-09  2.7835369E-03 -1.9037061E-05  4.9369643E-03
  1.7386192E-02  1.5830994E-03  3.1664968E-07   3769.086      -9.715761    
 -1.1215210E-02 -1.0452271E-03   1015210.       5.995219      1.0070801E-02
 -4.0978193E-08 -6.0896948E-03  5.2621755E-05  3.8245264E-03 -0.3608720    
 -7.1207678E-04 -1.2814999E-06   2870.479      -41.09716     -3.1026203E-02
  9.9525452E-03   1015159.       24.70354      2.3193359E-02 -5.9604645E-08
 -3.5517972E-03  9.5852092E-06  4.6187588E-03   3.073816      1.4114380E-03
 -3.6358833E-06   1857.040      -135.0243     -0.3415680     -1.3748169E-02
   1014578.       77.89617     -5.6457520E-03  5.9604645E-07 -7.6490175E-03
  2.9018993E-06  3.4664078E-03   1.045098      8.5449219E-04 -5.6028366E-06
   452.8485      -402.3842     -3.8696289E-02 -7.4996948E-03   1015157.    
   219.9799      1.2207031E-03 -3.5762787E-07  6.4963773E-03  2.1245488E-04
  2.1671869E-02  -2.915058      1.6530354E-03 -2.2411346E-05  -1887.294    
  -1129.360      6.6833496E-02  1.3351440E-02   1015681.       577.9915    
 -4.2724609E-03 -5.4836273E-06  8.2607067E-04 -2.7339399E-04  3.6766287E-02
   2.799630     -6.5394808E-05 -2.1934509E-05  -4602.596      -2897.250    
 -4.9264092E-02 -2.3498535E-02   1015802.       1371.856      1.2555804E-02
 -5.2452087E-06 -2.0922827E-02 -4.8080296E-04  4.5114562E-02  -2.447201    
 -1.4495850E-03  3.0517578E-05  -7544.357      -6548.297     -3.0441284E-02
 -1.6510010E-02   1015222.       2809.458      4.8828125E-03 -7.4386597E-05
  2.1697581E-03  1.1042525E-03  3.6536373E-02  0.7978016      1.7293295E-03
 -5.3405762E-05  -9088.559      -12825.94      1.0036892E-02 -7.0495605E-03
   1016335.       4999.146     -9.4943581E-04 -2.2888184E-05 -4.6267528E-03
  4.6908669E-04  1.3041829E-02   2.890939      2.1667480E-03 -1.0681152E-04
  -7828.859      -21979.01      9.9914551E-02  4.3212891E-02   1018867.    
   7504.522      1.9531250E-03 -2.7847290E-04 -7.1071982E-03 -2.3612995E-03
  5.4195825E-02  -2.787963      5.8260828E-04  4.5776367E-05  -3738.037    
  -33130.24     -0.2376487      2.6275635E-02   1012916.       9947.234    
  6.6583804E-03 -4.1961670E-05 -1.5541802E-02 -6.8689696E-03  8.7857269E-02
   2.402633     -2.7974445E-04  0.0000000E+00   4111.636      -43851.81    
 -6.9173172E-02 -2.2979736E-02   1009452.       10868.09     -6.5104165E-03
 -6.8664551E-05  6.7224349E-03  6.4864568E-03  6.6119365E-02 -0.3324055    
 -4.9297628E-04  7.6293945E-04   14899.07      -50206.67      3.5588194E-02
 -3.5766602E-02   1010041.       10566.57      1.6902044E-03  3.9672852E-04
 -1.4881767E-02 -1.2782708E-02  2.8519245E-02  -2.009557      8.7193082E-05
 -1.5258789E-03   24741.59      -51064.48      0.1607840      1.8569946E-02
   1004510.       7762.441      1.0463170E-02 -3.4332275E-04  9.0604173E-03
  1.1486173E-02  7.5872451E-02   1.871336     -7.3242188E-04  1.2207031E-04
   32728.63      -45342.65     -3.4586590E-02 -1.2634277E-02   1008360.    
   6649.911     -9.7656250E-04  4.1961670E-05  6.5429606E-03  2.0565003E-02
  2.4281304E-02   2.593252      8.1062317E-05 -2.3193359E-03   36699.51    
  -37582.35      1.7852783E-02  1.3763428E-02   1005254.       1863.875    
  4.1198730E-03  3.0517578E-05 -1.4289655E-03 -1.4641806E-02  3.1061590E-02
  0.8983570      3.0966365E-04  1.3122559E-03   38258.33      -27607.15    
 -0.1307588     -4.6157837E-03   1007348.       1830.094     -1.0052850E-03
  5.9127808E-05 -1.1150407E-02 -6.0195625E-03  4.9143061E-02  0.2324774    
 -1.9709270E-04 -1.5869141E-03   37389.08      -18871.36     -0.1180691    
 -3.6773682E-03   1009252.       29.01464      1.3563369E-04 -4.8637390E-05
 -1.8633074E-03  2.1591663E-02  5.0777551E-02  -3.120255     -6.7259138E-04
  7.6293945E-04   35540.46      -12263.16      7.5298108E-02  7.6866150E-03
   1007218.      -6136.346     -4.7543175E-03 -5.2928925E-05 -1.1065152E-02
  1.2898378E-02  2.8257275E-02  0.3282395      7.8201294E-05 -7.4768066E-04
   32784.57      -5825.312      0.2142334     -2.5558472E-03   1010660.    
   3679.849      7.5683594E-03 -1.6093254E-05  7.2061503E-04  1.7609224E-03
  1.6079122E-02  -1.421249     -6.3578290E-04 -3.9672852E-04   30405.47    
  -2544.795     -0.1114909      7.2479248E-05   1010904.      -2117.271    
 -3.9527533E-03  8.1062317E-06 -9.3520125E-03  1.4959816E-03  1.0658421E-02
   2.611792     -4.5256180E-04  6.1035156E-04   28099.41      -473.7657    
 -7.4851297E-02 -5.9776306E-03   1011396.      -4445.940      2.6633523E-03
  0.0000000E+00 -6.2290714E-03  1.0442749E-02  4.1825613E-03 -0.5403022    
 -1.1278236E-04 -3.6621094E-04   25614.01       191.6571      0.1202658    
 -1.9474030E-03   1010593.       2939.744      2.7598506E-03 -1.5616417E-05
  4.3938181E-04  1.0766834E-03  2.3838418E-02 -4.4180747E-02  2.2252400E-05
 -4.5776367E-05   24024.53      -424.0684     -3.4077961E-02 -3.8242340E-04
   1011747.      -272.5623      8.9518223E-03 -4.1127205E-06 -5.2590175E-03
 -8.9111552E-03  1.1102108E-02 -0.1240140      2.5329590E-04  7.2479248E-04
   22503.73      -2427.825     -0.1059570      7.0858002E-04   1012150.    
   1639.600      1.1132812E-02  3.2901764E-05 -4.0208669E-03 -1.3541751E-02
  5.3568999E-03 -1.9940376E-02 -6.6903926E-04 -3.8146973E-06   21191.67    
  -12110.13     -9.4275847E-02  6.6280365E-05   1013780.       3524.435    
  1.1455830E-02 -6.9618225E-05 -5.8973166E-03  2.6293106E-02  2.4673161E-03
   1.371581      1.5258789E-04 -1.9073486E-04   21388.78       5695.589    
  0.1100441     -4.0912628E-04   1008467.      -1699.377      1.6276041E-03
  1.9073486E-05  8.1910454E-03  5.7226047E-05  2.0142179E-04  0.4297623    
  1.5803747E-04  2.2506714E-04   20457.78      -1068.515     -0.1366316    
 -1.5497208E-06   1010133.      -1578.079      1.0463169E-03 -6.5326691E-05
  3.4759261E-03 -3.2784343E-03  1.6439907E-03   2.464904     -7.2610786E-04
 -1.0490417E-04   20036.71      -4473.711      0.1224071     -2.5391579E-05
   1008609.      -410.7971      7.2400323E-03  1.1444092E-05 -2.7513348E-03
  5.6771548E-03  1.5558588E-03  -2.033347      2.3396809E-04  2.6702881E-05
   19975.31      -6531.157     -3.8818359E-02 -2.0802021E-04   1009040.    
   795.4357     -2.9296875E-03 -1.8596649E-05 -6.2899464E-03 -2.4417099E-03
  6.0718190E-03   1.377344     -4.7253026E-04  9.3460083E-05   20096.94    
  -9972.233     -1.9767515E-02  4.6730042E-05   1011962.      -63.36109    
 -3.1502018E-04  3.8146973E-06 -5.6734276E-03  4.3822508E-03  1.9901765E-03
 -0.3026562      3.4332275E-04  1.5544891E-04   20284.80      -11781.18    
 -0.1657104      6.0759485E-06   1012479.       274.5468      1.3580322E-02
 -1.3113022E-05 -5.2213143E-03 -1.0153279E-04  5.4794049E-04   1.041720    
  7.1207684E-04 -1.2683868E-04   20771.34      -13985.23      7.1762547E-02
  5.3167343E-05   1011213.       502.8579      5.9185605E-03  1.3470650E-05
 -2.4399466E-03  8.6852419E-04  1.3658339E-03  -1.554911      3.5903031E-05
  1.2218952E-05   21209.52      -16243.76     -5.8737360E-02 -1.1873245E-04
   1010228.       2163.609     -1.4361212E-04  1.9676983E-05 -2.7397703E-04
  5.9779291E-04  7.5590709E-04  -1.937245     -5.9291295E-04  3.4332275E-04
   22946.18      -21154.10      5.1199775E-02  3.7670135E-05   1010238.    
   3960.866      2.9296875E-03 -9.4175339E-06 -4.6015093E-03  1.5080012E-03
  9.7001385E-04   1.061406     -3.1365288E-04 -3.0136108E-04   22218.03    
   2298.694     -0.1375326      5.2958727E-05   1012172.      -1104.127    
  9.4943581E-04 -3.3855438E-05 -2.3363470E-04  1.9474759E-03  1.4656247E-03
   1.920123      1.5836149E-03  9.5367432E-06   20883.98      -10498.97    
  6.0309332E-02  8.7022781E-05   1012417.       617.3817      1.0029561E-02
 -1.5735626E-05  1.6944321E-03  6.8332616E-04  1.6037421E-04  4.4241946E-02
  9.8780578E-04 -8.3208084E-05   21317.07      -13866.66      7.9988182E-02
 -2.7418137E-06   1010936.       962.8798      2.3129112E-03 -1.1444092E-05
 -1.5598839E-03  5.3575309E-04  7.1873644E-04   1.746852     -1.5650039E-05
 -8.2075596E-05   21808.68      -15114.55      0.1190655      9.4294548E-05
   1010075.       1917.431     -1.5524839E-02 -4.6491623E-06  2.4672979E-03
 -3.5782317E-03  1.2407359E-03  -3.000076     -1.0375977E-03  5.1259995E-06
   22298.53      -15661.22      1.8066406E-02 -8.4638596E-06   1010045.    
   3351.075     -8.7890625E-03 -2.0742416E-05  4.8507955E-03  2.1431481E-03
  5.2745780E-04 -0.2261212     -4.8381527E-04 -1.0251999E-04   22984.81    
  -16277.61     -3.2750573E-02  4.8279762E-06   1011352.       4234.057    
  2.8582318E-03  7.1287155E-05 -2.3645798E-03  9.0713683E-04  1.4191644E-03
   1.295335     -3.4877233E-04 -5.1498413E-05   24179.41      -15429.31    
  4.3422155E-02  1.6599894E-05   1012816.       4613.651      5.8128722E-03
  1.0490417E-05 -9.0819475E-04  9.4398693E-04  2.0408728E-03   1.573892    
 -1.0787608E-03 -3.6656857E-06   24086.98      -94.36034     -6.6996729E-03
  6.0025603E-05   1011885.      -239.6980     -1.7260173E-02 -4.7981739E-06
  4.5971468E-04  1.0348022E-03  1.4673904E-04  3.9004598E-02  2.3581764E-04
  5.8174133E-05   21702.87      -8813.341     -0.2006947      5.4523349E-05
   1012210.       2160.574     -2.2194601E-04 -3.1232834E-05 -2.7500100E-03
  6.2586437E-04  5.8700680E-04  0.5942546     -1.6276042E-04 -2.4080276E-05
   22284.07      -11985.03     -7.6714411E-02  6.8563968E-05   1012351.    
   3259.427     -6.0763890E-03 -5.4836273E-06 -2.1541798E-03 -4.0103943E-04
  4.2790230E-04  -1.983590     -4.7766644E-04  1.5348196E-05   22228.84    
  -12498.89     -9.2348844E-02 -4.4554472E-05   1001549.       3914.344    
 -1.1251698E-02  4.3958426E-06 -4.7166791E-04  4.7947594E-04  1.2284532E-03
   2.914314      5.8437919E-04 -1.8310547E-04   23370.08      -12174.75    
  3.7400268E-02 -5.1423907E-05   1004518.       4122.298     -7.2722742E-03
  7.8678131E-06 -2.3114001E-03 -8.4829051E-04  8.2038168E-05 -2.3251623E-02
 -2.9246011E-04 -6.3896179E-05   23939.55      -9977.076      0.2512614    
  3.5125762E-05   1004423.       3870.260     -1.0375977E-02 -2.4557114E-05
 -4.4679935E-03  7.1182894E-04  3.1036531E-04 -0.9567979      1.1210539E-04
 -2.2411346E-05   23692.28      -1190.718     -6.8757974E-02 -6.9762580E-05
   1004898.       444.5658     -1.9929846E-04 -2.0861626E-05 -2.5918274E-03
  6.6448655E-04  2.1554358E-04  -1.559735      4.2724609E-04 -4.7683716E-07
   22719.80      -5736.812      8.3984379E-03  2.9467046E-05   1007613.    
   2017.415      8.2031246E-03  1.0728836E-05 -2.6850372E-03  2.6530521E-03
   231.0555       1.568753      -4250.630       1.062838     -2.4795532E-04
 -1.6298145E-08  9.7656250E-02 -4.5776367E-05 -3.9672852E-03  1.6530976E-08
   1014548.      0.6659238      1.1213124E-04  5.6843419E-12   682.8185    
   1.564359      -3768.964       9.715893     -5.3405762E-04 -1.0803342E-07
 -2.5634766E-02  1.8920898E-03 -4.1198730E-03  2.2351742E-08   1015211.    
   5.992785     -2.3096800E-05  1.3642421E-12   1597.640       1.558830    
  -2870.504       41.09644      2.0853677E-03  5.9604645E-08  2.1972656E-02
 -2.7770996E-03  4.2724609E-03  1.6391277E-07   1015159.       24.70128    
 -4.4554472E-05  9.0949470E-12   3351.467       1.551261      -1857.022    
   135.0270      4.7683716E-04 -7.7486038E-07  0.1147461      4.2724609E-03
 -9.6130371E-03 -1.3113022E-06   1014580.       77.89886      3.0547380E-06
  3.6379788E-12   6375.418       1.538355      -452.8772       402.3834    
 -1.8310547E-04  4.8875809E-06 -8.6914062E-02 -3.5400391E-03 -2.9296875E-03
 -1.0728836E-06   1015157.       219.9973     -7.8499317E-05 -1.7462298E-10
   11082.59       1.514552       1887.290       1129.357     -1.2715657E-04
 -1.0490417E-05  0.1554362     -1.5136719E-02 -4.6793618E-03  8.3446503E-06
   1015681.       577.9908     -6.5763787E-05  3.2741809E-10   18235.63    
   1.476197       4602.646       2897.249      1.0681152E-03 -3.4332275E-05
  4.4642858E-02  5.7373047E-03  1.7438616E-04 -3.0994415E-05   1015802.    
   1371.803      1.3998577E-04  8.7311491E-10   28405.97       1.424007    
   7544.414       6548.316      4.1961670E-04  2.3651123E-04  2.6245117E-02
  2.9296875E-03 -1.3732910E-03 -1.7642975E-04   1015222.       2809.486    
  1.3530254E-04  1.8626451E-09   43019.69       1.371778       9088.451    
   12825.97      1.2885201E-03 -1.2207031E-04 -2.9839411E-02 -1.0742188E-02
  1.9666884E-02 -4.0054321E-05   1016334.       4999.097     -2.2119946E-05
 -1.4901161E-08   63492.73       1.334444       7828.927       21979.05    
  2.2583008E-03 -7.4768066E-04 -5.3710938E-03  2.5146484E-02  1.4160156E-02
 -9.5367432E-05   1018867.       7504.500     -1.4781952E-05  0.0000000E+00
   89188.98       1.319007       3737.992       33130.28      1.1652166E-03
 -7.0190430E-04  4.5276988E-02 -1.5625000E-02 -6.2144883E-03  1.3732910E-04
   1012916.       9947.268      2.3408369E-05 -5.9604645E-08   120394.2    
   1.333621      -4111.670       43851.86      4.3233234E-04  5.4931641E-04
  5.2083332E-02  7.8125000E-03 -2.0345052E-04 -3.1280518E-04   1009452.    
   10868.00      7.8678131E-05 -1.4901161E-08   154598.4       1.376042    
  -14899.03       50206.69      7.2772690E-04 -1.8310547E-03 -5.2584135E-03
  3.3691406E-02  4.3194112E-03 -2.2888184E-04   1010041.       10566.65    
 -5.0618099E-05 -1.7881393E-07   185647.0       1.425905      -24741.58    
   51064.56     -7.4114121E-04  7.0190430E-04 -1.3950893E-02 -2.9296875E-02
 -2.7901786E-03  3.2043457E-04   1004510.       7762.369      3.4059798E-05
  0.0000000E+00   212335.5       1.480088      -32728.68       45342.61    
  1.6276042E-04 -2.1972656E-03  6.1197918E-02 -4.0283203E-03  7.9752607E-03
 -5.7220459E-05   1008360.       6650.014      3.2742817E-05  2.3841858E-07
   229447.0       1.520224      -36699.53       37582.31      3.7193298E-04
  3.9672852E-04 -1.1596680E-02  2.9541016E-02 -1.2054443E-02 -1.1062622E-04
   1005254.       1863.876     -5.8412552E-05  0.0000000E+00   238768.5    
   1.552373      -38258.33       27607.17      7.8089093E-04  2.1362305E-03
 -2.2977940E-03 -6.1035156E-04 -9.3347887E-03 -3.4332275E-05   1007348.    
   1830.014     -5.6238732E-05  1.1920929E-07   239854.6       1.571500    
  -37389.08       18871.42     -6.0611300E-04  1.2207031E-03  7.5954865E-03
 -1.7150879E-02  7.7311201E-03  2.5749207E-05   1009252.       28.98251    
 -9.6526410E-06  0.0000000E+00   232401.0       1.577778      -35540.48    
   12263.19      3.9953936E-04  3.0517578E-05 -7.1957237E-03 -2.1179199E-02
 -1.1307565E-02  2.7656555E-05   1007218.      -6136.369     -5.8145899E-05
  0.0000000E+00   220180.6       1.583013      -32784.61       5825.346    
 -6.4849854E-05 -1.0070801E-03 -5.3710938E-02 -1.6479492E-03 -1.2451172E-02
 -3.0994415E-05   1010660.       3679.940     -1.8352643E-05  1.4901161E-07
   201840.8       1.576928      -30405.43       2544.829     -1.4350528E-04
  7.4768066E-04 -6.0453871E-03  2.3239136E-02 -1.3485864E-02 -2.8610229E-06
   1010904.      -2117.437      3.8508861E-05  6.7055225E-07   179822.1    
   1.569924      -28099.40       473.8102     -7.2305853E-04  6.1035156E-05
 -1.7755681E-03 -6.2377930E-02 -2.3082387E-02 -4.0054321E-05   1011395.    
  -4445.927     -1.7068602E-05  2.0265579E-06   156075.5       1.571252    
  -25614.07      -191.6610     -2.0234482E-04  3.0517578E-05  2.8023098E-02
 -7.6904297E-03  9.9779218E-03 -1.9550323E-05   1010592.       2939.757    
 -8.7463341E-06  4.7683716E-07   130770.2       1.573170      -24024.56    
   424.0547     -3.3378601E-04  1.9073486E-04 -1.5462239E-02 -2.8991699E-04
 -4.0690103E-04  3.1590462E-06   1011747.      -272.5240     -2.1308661E-05
 -2.9802322E-08   106125.8       1.596698      -22503.75       2427.788    
  6.1035156E-04 -1.6784668E-04  1.4843750E-02 -2.9373169E-03  9.7656250E-04
  8.5830688E-06   1012150.       1639.562      8.1324579E-05 -4.4703484E-07
   84530.14       1.732689      -21191.65       12109.96      1.0270339E-03
  3.3187866E-04  4.8076924E-02  3.8414001E-03  1.8780049E-03  6.6757202E-05
   1013780.       3524.437     -3.3699551E-05 -2.9802322E-07   58753.14    
   1.469992      -21388.71      -5695.395     -1.5823929E-04  1.1444092E-05
 -6.2210646E-02 -1.8501282E-03 -5.4253470E-03  6.4849854E-05   1008467.    
  -1699.421     -1.5919752E-04 -3.7252903E-07   41189.24       1.591699    
  -20457.76       1068.576      4.4686455E-04 -1.1444092E-05  2.2321429E-02
 -1.0967255E-03  5.2315847E-04  7.6293945E-06   1010133.      -1578.080    
 -1.7938869E-04  4.4703484E-08   26254.16       1.674192      -20036.67    
   4473.729     -1.8415779E-04  1.5068054E-04  5.4552801E-02  6.0606003E-04
  1.1112607E-02  9.5367432E-07   1008609.      -410.7942     -1.7758073E-05
  1.0430813E-07   14806.77       1.733109      -19975.32       6531.174    
 -3.5603840E-05  9.7274780E-05 -2.2786459E-02  2.7656555E-04  5.6966147E-03
 -2.7179718E-05   1009041.       795.4365     -8.5850559E-05  0.0000000E+00
   6453.149       1.625440      -20096.92       9972.232     -1.0927262E-03
 -2.8610229E-06 -6.9304439E-03  9.7274780E-04  0.0000000E+00  4.8160553E-05
   1011963.      -63.36523      9.4915595E-05  0.0000000E+00   3510.448    
  0.3664121      -20284.82       11781.18     -5.7220459E-05  4.3869019E-05
 -0.1361084      1.3816357E-03  1.5258789E-04 -7.1525574E-07   1012480.    
   274.5454      8.2170591E-05  2.2351742E-08   7811.765     -0.1557802    
  -20771.35       13985.21      4.9937854E-04  7.2002411E-05 -1.9531250E-02
  2.7465820E-04  2.5153882E-03 -2.6345253E-05   1011213.       502.8529    
 -3.2123291E-05  6.1467290E-08   12773.90     -9.6096605E-02  -21209.54    
   16243.71     -6.4625457E-04 -5.2720308E-05  2.0680146E-02  7.5340271E-05
  7.0369942E-03  2.8468668E-05   1010228.       2163.599     -3.6288709E-06
  8.3819032E-09   19348.98      0.2023287      -22946.19       21153.97    
  9.3296595E-04 -2.6035309E-04  3.9620537E-02  2.4414062E-04  1.2834822E-02
  2.7894974E-05   1010238.       3960.842     -1.8077237E-05  3.7252903E-09
   2551.575       2.519007      -22217.94      -2298.546     -5.0014921E-04
 -4.2915344E-04  6.8901911E-02  1.1670589E-04  1.7903646E-02  7.6293945E-06
   1012173.      -1104.112     -4.8842699E-06  1.2107193E-07   7931.927    
 -0.3155438      -20883.96       10499.03     -6.5983950E-05  5.9127808E-05
 -1.1613175E-02  5.2690506E-05 -1.0029561E-02  5.1975250E-05   1012417.    
   617.3922     -8.1891951E-05  7.4505806E-09   6275.542     -0.1680941    
  -21317.03       13866.70     -9.9583680E-04  4.4107437E-05 -4.1118421E-02
 -3.1232834E-05  1.3363487E-02  2.8610229E-06   1010936.       962.8832    
 -2.9527828E-05  1.1641532E-08   2014.948     -0.2091270      -21808.71    
   15114.56      1.5650039E-05  6.9916248E-05  6.0596954E-02 -1.5211105E-04
 -1.0516827E-02 -3.7193298E-05   1010075.       1917.430      7.4375894E-05
  9.3132257E-09   3360.900      -2.931806      -22298.56       15661.22    
 -4.8065186E-04 -1.6063452E-04 -1.1718750E-02 -1.3232231E-05  1.4404297E-02
  9.5367432E-06   1010045.       3351.075     -8.7901950E-05  6.2223990E-08
   8512.904      -2.896223      -22984.79       16277.58      4.0938216E-04
 -1.1944771E-04 -6.0022868E-02  1.3113022E-04  1.4291159E-03 -1.4305115E-05
   1011352.       4234.046     -2.2424430E-05 -8.6758519E-08   12352.21    
  -2.646650      -24179.42       15429.26      1.0535831E-03 -9.5367432E-07
 -1.7671132E-02  1.3828278E-04  2.0461310E-02  5.4836273E-05   1012816.    
   4613.633      7.6606164E-05 -2.0512380E-07   5935.125      -1.580424    
  -24087.03       94.37039     -7.5229374E-04  4.4703484E-07 -6.5406971E-02
 -2.9593706E-05  1.3626453E-03 -9.5367432E-07   1011885.      -239.6960    
  2.5331972E-05  3.1062518E-07   5782.188       2.811070      -21702.86    
   8813.401     -5.1325018E-04  1.5258789E-05 -2.8409090E-02  6.4730644E-05
 -6.6583807E-04 -1.1920929E-06   1012211.       2160.592     -7.9856676E-05
 -5.5629062E-07   4696.902       2.999619      -22284.08       11985.06    
  1.8988716E-04  4.0531158E-06  7.8125000E-03 -1.5690923E-05 -1.0850695E-03
 -2.8848648E-05   1012352.       3259.435     -3.7656890E-05 -3.6648707E-06
   1254.682       2.653317      -22228.84       12498.90      2.2556471E-04
  7.5399876E-06 -5.8593750E-02 -3.0040741E-05 -5.7319975E-03 -1.0937452E-05
   1001549.       3914.343     -3.4369852E-05 -1.1975411E-05   2874.564    
  0.5410530      -23370.02       12174.75      3.5062750E-04  4.1007996E-05
 -4.9035907E-02  1.0967255E-04  4.3633645E-03  6.9141388E-06   1004518.    
   4122.292      2.2827311E-05  2.5443733E-06   5318.205      0.7030992    
  -23939.54       9977.028     -5.0862628E-04 -1.9073486E-06  4.2317707E-02
  7.1287155E-05  1.8310547E-02  3.8146973E-05   1004422.       3870.244    
 -1.7645458E-05 -1.5884638E-05   3365.765       1.617184      -23692.23    
   1190.701      2.4912308E-05  4.7683716E-06 -9.5663266E-03  4.0344894E-06
  5.7796557E-03 -4.2915344E-06   1004897.       444.5591      4.2586911E-05
  5.3942204E-06   2155.075     -0.7101556      -22719.77       5736.858    
  1.0498047E-03  8.7738037E-05  4.4531249E-02  5.0663948E-07 -1.2890625E-02
 -8.3446503E-06   1007614.       2017.432      8.0263613E-05  6.3695014E-05
  1.9073486E-06  0.0000000E+00 -1.8310547E-03  2.9802322E-08 -1.0681152E-03
 -1.1610799E-05  0.0000000E+00 -3.8146973E-06 -1.3880730E-02 -5.7548052E-05
  7.6293945E-05  6.5192580E-09   21693.50      2.4307465E-04  4.7185200E-05
  -1.325818      1.5258789E-04  8.9406967E-08  8.3923340E-04  1.4211982E-05
  0.0000000E+00 -7.6293945E-06  2.1362305E-03  1.0402501E-04  1.9073486E-05
  2.9802322E-08   22152.37     -3.9186561E-04  4.8851961E-04   1.539557    
 -2.0345052E-04  5.9604645E-07  4.8319497E-03 -2.4750829E-05  0.0000000E+00
  1.5258789E-05  7.6929724E-04 -3.7401915E-06 -2.5431314E-05  8.9406967E-08
   22251.81      4.3159386E-04  6.2913598E-05   1.325818     -3.5095215E-03
  9.5367432E-07  8.5449219E-03 -2.3722649E-05  7.6293945E-05 -1.5258789E-05
  7.5340271E-04 -2.8282404E-04 -1.9073486E-05  0.0000000E+00   22114.94    
  1.8347353E-03  1.8563119E-04  -1.405648     -9.7656250E-04 -1.4305115E-05
  5.7983398E-03  7.7962875E-05  0.0000000E+00  0.0000000E+00 -5.3024292E-03
  2.2506714E-04  0.0000000E+00  4.7683716E-07   21998.48      4.6024704E-03
  5.0330878E-04   1.815775     -1.6276041E-03  0.0000000E+00 -6.0017901E-03
 -2.3841858E-05  0.0000000E+00 -3.0517578E-05 -4.6412149E-03 -6.7663193E-04
  5.0862629E-05 -2.8610229E-06   22226.78     -2.8914856E-02  1.4661148E-03
  -1.612439     -1.5694755E-03  7.6293945E-05  1.5258789E-02 -3.5285950E-04
  1.7438616E-04  6.1035156E-05 -1.7656599E-03 -4.3392181E-04  4.3596541E-05
  3.8146973E-06   22084.74      7.1953386E-02  1.7100739E-03   1.535097    
  2.1362305E-03 -1.0681152E-04  5.4168701E-03  2.1362305E-04  0.0000000E+00
  6.1035156E-05  1.0280609E-02  8.9454651E-04 -3.8146973E-05 -2.2888184E-05
   22099.23     -0.6575708      1.4661148E-03   1.529154     -1.3563369E-03
  3.0517578E-05 -3.7977432E-03  5.3405762E-04  1.3563369E-04 -1.2207031E-04
  1.4122858E-02  1.3313293E-03 -1.6954211E-04 -1.5258789E-05   22099.38    
   2.271679      1.5440809E-03  -1.892547     -9.7656250E-04 -5.4931641E-04
 -6.2255859E-03 -2.5329590E-03  9.1552734E-05 -1.2207031E-04  5.8288574E-03
 -2.4642944E-03 -2.1362305E-04  1.8310547E-04   22232.19      -5.467130    
  2.1570553E-03  -1.132460      4.4389203E-04  1.2207031E-04 -1.8088600E-02
  1.0986328E-03 -2.7743252E-05 -1.2207031E-04 -3.3056084E-02  5.3405762E-04
 -1.1097301E-04  5.1879883E-04   22147.62      -2.074199      4.9208116E-04
  -1.446441     -2.4414062E-03  1.2207031E-03  1.2207031E-03 -1.6479492E-03
 -2.5431314E-05 -1.2207031E-04  2.1807351E-03  5.7067871E-03  1.0172526E-04
 -1.8310547E-04   22219.36      -8.182358      1.6113743E-03  -2.000559    
  3.7560097E-04  7.3242188E-04  5.5401144E-03  1.7700195E-02 -1.7606295E-05
 -1.2207031E-04  3.9438102E-03 -1.9836426E-03 -2.3475061E-05 -1.8310547E-04
   22157.85       47.10331      1.6377451E-03  -1.107149      1.0463169E-03
  2.9296875E-03  2.9645648E-03 -1.0620117E-02  3.2697404E-05  1.2207031E-04
 -1.3945103E-02  5.0048828E-03  1.3623919E-05  8.5449219E-04   22213.40    
  -98.97390      4.0578051E-03  -2.772259      1.6276042E-04  9.7656250E-04
 -1.6276042E-04  2.0019531E-02 -2.0345053E-05  0.0000000E+00  3.2348633E-03
 -1.0269165E-02  5.0862629E-05 -1.2207031E-04   22240.85       82.55168    
  3.6621094E-04   3.141593      1.5258789E-04  9.7656250E-04  2.8228760E-03
 -6.8359375E-03  0.0000000E+00 -1.2207031E-04 -2.5219917E-02 -9.3536377E-03
  1.9073486E-04  2.1362305E-04   22093.96       104.4879      6.9053395E-04
  -2.356194      0.0000000E+00 -1.4648438E-03 -4.7751032E-03 -2.6245117E-02
 -3.5903031E-05 -1.2207031E-04 -1.5501134E-02  6.3171387E-03 -4.1288487E-04
  3.6621094E-04   22176.15       66.10542      1.0066176E-03  -1.325818    
  7.4598525E-04  2.9296875E-03 -2.8483074E-03 -1.1230469E-02  0.0000000E+00
  0.0000000E+00 -1.0736254E-02 -1.0498047E-02 -2.9669868E-04 -4.5776367E-05
   22305.64       45.87094      4.7151386E-03   1.941688      1.9274261E-04
 -3.4179688E-03 -2.5859633E-03 -4.2724609E-03  0.0000000E+00  0.0000000E+00
 -1.1572587E-02  1.0793686E-02  4.1760897E-04  8.3923340E-05   22258.05    
   40.24911      1.0918301E-03   2.034444     -3.0517578E-05  5.8593750E-03
 -2.4032593E-03  1.8310547E-02  3.0517578E-05  0.0000000E+00 -1.1810303E-02
 -5.7039261E-03 -8.7738037E-05  0.0000000E+00   22372.99       45.89443    
  1.0066176E-03   2.896614      1.4532181E-04 -4.8828125E-04  5.8128724E-05
 -1.0620117E-02  2.9064362E-05  0.0000000E+00 -5.3496589E-03  4.0044785E-03
  1.3623920E-05  3.4332275E-05   22405.79       36.74183      1.9683247E-03
  -2.089942     -2.7743252E-05  1.4648438E-03 -3.7540088E-03 -2.1972656E-03
 -5.5486504E-05  0.0000000E+00 -2.1995197E-03  3.4368515E-02 -1.5258789E-04
 -7.6293945E-06   22422.98      -67.57211      1.5258789E-04   1.570796    
  3.3171280E-05 -4.8828125E-04 -1.2770944E-03 -6.4697266E-03 -7.9611076E-05
  0.0000000E+00 -9.7121364E-03  5.3272247E-03 -7.2976822E-05  2.2888184E-05
   22490.32       64.56243      1.2582720E-03  -1.969319     -2.5431314E-05
 -1.9531250E-03 -1.3796488E-03 -5.3710938E-03  5.0862629E-05  0.0000000E+00
  2.6353200E-03 -5.7373047E-03  1.2715657E-05  1.5258789E-05   22495.60    
  -11.89278      2.6294750E-03  -1.190290     -3.6621095E-05  4.8828125E-04
  5.1269529E-04 -3.6621094E-03  0.0000000E+00  0.0000000E+00 -5.4626465E-03
 -2.4399757E-03 -1.5869140E-04  1.4305115E-05   22392.72       50.41433    
  4.0264702E-03  -2.896614     -4.6950121E-05  1.4648438E-03 -9.0261614E-03
 -2.0263672E-02  0.0000000E+00  0.0000000E+00  3.7442723E-03 -1.2916565E-02
  1.6432542E-04  2.4414062E-04   22463.98      -50.11044      1.4648438E-03
  0.0000000E+00  9.8899554E-06  2.1972656E-03 -2.0203767E-03  3.6621094E-03
  2.2605613E-05  1.5258789E-05  1.4538235E-03 -8.6135864E-03  8.1945349E-05
 -3.0517578E-04   22610.10       36.07221      1.7605231E-03 -0.5880026    
  2.1253314E-04  0.0000000E+00  4.8501152E-04 -2.0751953E-03  2.1798271E-05
  0.0000000E+00 -4.5490265E-03  9.8419189E-04 -4.3596541E-05 -2.2888184E-05
   22655.08       14.56498      7.8163139E-04   2.466852     -2.1046604E-05
  1.2207031E-03  1.3469827E-03  6.7138672E-03 -5.2616513E-05  0.0000000E+00
 -6.6191573E-03 -3.3562183E-03  8.4186417E-05 -4.1961670E-05   22657.73    
  -37.36679      2.0081981E-03  0.5078365      4.0690105E-05  0.0000000E+00
 -2.8177898E-03  1.9531250E-03 -4.0690105E-05  0.0000000E+00  4.2699180E-03
 -1.0566711E-03  1.1189779E-04  3.0517578E-05   22717.35       53.65013    
  2.4414062E-04  0.0000000E+00  1.9688761E-05 -9.7656250E-04 -2.1657636E-03
  1.8310547E-04  2.9533141E-05 -7.6293945E-06 -2.9902305E-03  1.6746521E-03
  9.8443807E-06  3.0517578E-05   22866.83      -91.73278      6.9053395E-04
  0.7853982     -1.7166138E-04  2.4414062E-04 -1.2588501E-03  1.8310547E-04
 -1.1444092E-04  0.0000000E+00 -3.8146973E-03  7.1716309E-04 -3.8146973E-05
  1.5258789E-04   22890.31      -17.22115      8.8026153E-04  0.5880026    
  1.6645952E-04 -4.8828125E-04  1.2022076E-04  4.1503906E-03  1.8495502E-05
 -1.9073486E-06 -6.8155928E-03  1.4495850E-04 -3.6991005E-05  6.1035156E-05
   22944.32      -43.58080      2.7295752E-04  -2.677945      1.0770909E-04
  2.4414062E-04 -4.8469095E-03  9.1552734E-04 -1.7951515E-05  1.9073486E-06
 -2.5042365E-03 -6.2561035E-04 -2.6927273E-05 -3.0517578E-05   22979.79    
  -9.696074      4.9208116E-04  -3.017238      3.1389509E-04  2.4414062E-04
 -4.4119698E-03 -3.8452148E-03  1.7438617E-05  1.9073486E-06 -3.9329529E-03
 -5.7983398E-04 -8.7193082E-05  3.0517578E-05   23174.86      -108.0120    
  1.5099264E-03   1.815775      6.7816844E-05 -8.5449219E-04  1.6318428E-03
 -3.9062500E-03  4.2385527E-05 -1.9073486E-06  8.0108643E-04  2.8133392E-03
  1.6954211E-05  7.6293945E-06   23365.11      -68.74661      3.4526698E-04
   2.356194     -1.1959591E-04 -7.3242188E-04 -3.8559371E-04  3.7231445E-03
 -3.2991975E-05 -1.9073486E-06 -4.2353449E-03  2.5939941E-04  1.5671189E-04
 -1.8310547E-04   23466.82      -43.39738      7.1244006E-04 -0.7551044    
  2.9814872E-04  0.0000000E+00 -6.3444441E-04  2.3193359E-03 -2.8108296E-05
  0.0000000E+00  5.9499238E-03  3.8146973E-05  1.6061884E-05  1.2207031E-04
   23502.80      -5.572066      6.2243891E-04  0.1973956      3.5016963E-04
  3.6621094E-04 -3.4234461E-03 -1.1596680E-03  2.3475059E-05  0.0000000E+00
 -1.4984913E-02 -5.0354004E-04  7.0425180E-05  9.1552734E-05   23666.24    
  -26.92269      6.9053395E-04  -2.356194     -1.9836426E-04  3.6621094E-04
 -4.2343140E-03  4.0893555E-03 -8.3923340E-05  0.0000000E+00 -8.7771714E-03
 -1.6174316E-03 -2.2888184E-05 -1.2207031E-04   23930.45       34.97919    
  5.0330878E-04  0.2449787      1.8980446E-04 -1.2207031E-04 -2.9475514E-03
  1.8310547E-03  6.6989807E-05  0.0000000E+00 -8.7993899E-03 -3.9672852E-04
 -1.3770127E-04 -1.2207031E-04   24411.22       90.71445      7.8163139E-04
   2.466852      1.0899136E-04  1.2207031E-04 -9.8092225E-04 -4.7302246E-03
 -4.5413067E-06  0.0000000E+00 -9.3405591E-03  8.2397461E-04  1.1625745E-04
  0.0000000E+00   24850.92       252.4708      7.4252475E-04   1.735945    
  4.5421510E-04 -6.5565109E-06 -7.2856280E-03 -2.6855469E-03 -4.1695526E-05
  0.0000000E+00 -5.9101190E-03  9.4938278E-04  0.0000000E+00  1.9073486E-06
   25230.16       741.9487      3.8602023E-04   1.249046      1.2484464E-04
 -4.8828125E-04 -6.1928141E-03  0.0000000E+00 -2.0482323E-05  0.0000000E+00
 -5.3045964E-03  1.3732910E-04  1.3871626E-05  2.7465820E-04   25817.96    
   1787.687      1.3787057E-03  -2.054243     -1.4919705E-04  2.4414062E-04
 -1.6292996E-03 -6.1035156E-05  2.3735895E-05  0.0000000E+00 -1.0195415E-02
  5.4931641E-04 -7.4598523E-05  6.1035156E-05   26617.98       4138.301    
  2.5895023E-04  -2.356194     -5.9708305E-05  1.2207031E-04 -1.5524160E-03
  3.4790039E-03 -7.1318253E-05  5.9604645E-07 -1.8575917E-04 -1.3809204E-03
  2.3219896E-05  0.0000000E+00   27675.63       9018.812      2.1734000E-03
  -2.236766      2.8569650E-04 -2.4414063E-04 -2.5290633E-03  2.1972656E-03
 -1.4203661E-05 -1.9073486E-06 -1.2861212E-02 -2.7236938E-03  3.0842235E-05
 -3.0517578E-05   28696.94       18324.28      1.0798222E-03  0.8253769    
  1.2079874E-04  0.0000000E+00 -1.4750162E-03  3.2001734E-04 -1.9868214E-05
  0.0000000E+00 -7.9600010E-03 -4.0936470E-04  7.9472858E-07  0.0000000E+00
   28697.82       31933.50      3.1864576E-03   2.481809     -2.2421077E-04
  1.5640259E-04 -3.1716481E-03  1.6937256E-03 -2.3355289E-05  0.0000000E+00
 -2.7352937E-03 -1.5945435E-03 -1.3701769E-04 -1.6975403E-04   26818.14    
   44106.78      2.8601990E-03 -0.6947383      7.3242190E-05 -1.8310547E-04
 -1.8127442E-03 -4.8885345E-03 -4.5776369E-06  0.0000000E+00 -2.7313232E-03
  2.4545193E-03  1.2817382E-04  3.0517578E-05   23971.37       49739.02    
