                    2          1
             1               4.9553289               2.3863609              -3.7500000
             2               4.9553289               2.3863609              -3.0625000
             3               4.9553289               2.3863609              -2.3750000
             4               5.2276645               1.1931804              -3.7500000
             5               5.2276645               1.1931804              -3.0625000
             6               5.2276645               1.1931804              -2.3750000
             7               5.5000000               0.0000000              -3.7500000
             8               5.5000000               0.0000000              -3.0625000
             9               5.5000000               0.0000000              -2.3750000
            10               4.9553289               2.3863609              -2.3750000
            11               4.9553289               2.3863609              -1.6875000
            12               4.9553289               2.3863609              -1.0000000
            13               5.2276645               1.1931804              -2.3750000
            14               5.2276645               1.1931804              -1.6875000
            15               5.2276645               1.1931804              -1.0000000
            16               5.5000000               0.0000000              -2.3750000
            17               5.5000000               0.0000000              -1.6875000
            18               5.5000000               0.0000000              -1.0000000
            19               4.9553289               2.3863609              -1.0000000
            20               4.9553289               2.3863609               0.0000000
            21               5.2276645               1.1931804              -1.0000000
            22               5.2276645               1.1931804               0.0000000
            23               5.5000000               0.0000000              -1.0000000
            24               5.5000000               0.0000000               0.0000000
            25               3.4291940               4.3000731              -3.7500000
            26               3.4291940               4.3000731              -3.0625000
            27               3.4291940               4.3000731              -2.3750000
            28               4.1922617               3.3432169              -3.7500000
            29               4.1922617               3.3432169              -3.0625000
            30               4.1922617               3.3432169              -2.3750000
            31               4.9553289               2.3863609              -3.7500000
            32               4.9553289               2.3863609              -3.0625000
            33               4.9553289               2.3863609              -2.3750000
            34               3.4291940               4.3000731              -2.3750000
            35               3.4291940               4.3000731              -1.6875000
            36               3.4291940               4.3000731              -1.0000000
            37               4.1922617               3.3432169              -2.3750000
            38               4.1922617               3.3432169              -1.6875000
            39               4.1922617               3.3432169              -1.0000000
            40               4.9553289               2.3863609              -2.3750000
            41               4.9553289               2.3863609              -1.6875000
            42               4.9553289               2.3863609              -1.0000000
            43               3.4291940               4.3000731              -1.0000000
            44               3.4291940               4.3000731               0.0000000
            45               4.1922617               3.3432169              -1.0000000
            46               4.1922617               3.3432169               0.0000000
            47               4.9553289               2.3863609              -1.0000000
            48               4.9553289               2.3863609               0.0000000
            49               1.2238650               5.3621039              -3.7500000
            50               1.2238650               5.3621039              -3.0625000
            51               1.2238650               5.3621039              -2.3750000
            52               2.3265295               4.8310885              -3.7500000
            53               2.3265295               4.8310885              -3.0625000
            54               2.3265295               4.8310885              -2.3750000
            55               3.4291940               4.3000731              -3.7500000
            56               3.4291940               4.3000731              -3.0625000
            57               3.4291940               4.3000731              -2.3750000
            58               1.2238650               5.3621039              -2.3750000
            59               1.2238650               5.3621039              -1.6875000
            60               1.2238650               5.3621039              -1.0000000
            61               2.3265295               4.8310885              -2.3750000
            62               2.3265295               4.8310885              -1.6875000
            63               2.3265295               4.8310885              -1.0000000
            64               3.4291940               4.3000731              -2.3750000
            65               3.4291940               4.3000731              -1.6875000
            66               3.4291940               4.3000731              -1.0000000
            67               1.2238650               5.3621039              -1.0000000
            68               1.2238650               5.3621039               0.0000000
            69               2.3265295               4.8310885              -1.0000000
            70               2.3265295               4.8310885               0.0000000
            71               3.4291940               4.3000731              -1.0000000
            72               3.4291940               4.3000731               0.0000000
            73              -1.2238650               5.3621039              -3.7500000
            74              -1.2238650               5.3621039              -3.0625000
            75              -1.2238650               5.3621039              -2.3750000
            76               0.0000000               5.3621039              -3.7500000
            77               0.0000000               5.3621039              -3.0625000
            78               0.0000000               5.3621039              -2.3750000
            79               1.2238650               5.3621039              -3.7500000
            80               1.2238650               5.3621039              -3.0625000
            81               1.2238650               5.3621039              -2.3750000
            82              -1.2238650               5.3621039              -2.3750000
            83              -1.2238650               5.3621039              -1.6875000
            84              -1.2238650               5.3621039              -1.0000000
            85               0.0000000               5.3621039              -2.3750000
            86               0.0000000               5.3621039              -1.6875000
            87               0.0000000               5.3621039              -1.0000000
            88               1.2238650               5.3621039              -2.3750000
            89               1.2238650               5.3621039              -1.6875000
            90               1.2238650               5.3621039              -1.0000000
            91              -1.2238650               5.3621039              -1.0000000
            92              -1.2238650               5.3621039               0.0000000
            93               0.0000000               5.3621039              -1.0000000
            94               0.0000000               5.3621039               0.0000000
            95               1.2238650               5.3621039              -1.0000000
            96               1.2238650               5.3621039               0.0000000
            97              -3.4291940               4.3000731              -3.7500000
            98              -3.4291940               4.3000731              -3.0625000
            99              -3.4291940               4.3000731              -2.3750000
           100              -2.3265295               4.8310885              -3.7500000
           101              -2.3265295               4.8310885              -3.0625000
           102              -2.3265295               4.8310885              -2.3750000
           103              -1.2238650               5.3621039              -3.7500000
           104              -1.2238650               5.3621039              -3.0625000
           105              -1.2238650               5.3621039              -2.3750000
           106              -3.4291940               4.3000731              -2.3750000
           107              -3.4291940               4.3000731              -1.6875000
           108              -3.4291940               4.3000731              -1.0000000
           109              -2.3265295               4.8310885              -2.3750000
           110              -2.3265295               4.8310885              -1.6875000
           111              -2.3265295               4.8310885              -1.0000000
           112              -1.2238650               5.3621039              -2.3750000
           113              -1.2238650               5.3621039              -1.6875000
           114              -1.2238650               5.3621039              -1.0000000
           115              -3.4291940               4.3000731              -1.0000000
           116              -3.4291940               4.3000731               0.0000000
           117              -2.3265295               4.8310885              -1.0000000
           118              -2.3265295               4.8310885               0.0000000
           119              -1.2238650               5.3621039              -1.0000000
           120              -1.2238650               5.3621039               0.0000000
           121              -4.9553289               2.3863609              -3.7500000
           122              -4.9553289               2.3863609              -3.0625000
           123              -4.9553289               2.3863609              -2.3750000
           124              -4.1922617               3.3432169              -3.7500000
           125              -4.1922617               3.3432169              -3.0625000
           126              -4.1922617               3.3432169              -2.3750000
           127              -3.4291940               4.3000731              -3.7500000
           128              -3.4291940               4.3000731              -3.0625000
           129              -3.4291940               4.3000731              -2.3750000
           130              -4.9553289               2.3863609              -2.3750000
           131              -4.9553289               2.3863609              -1.6875000
           132              -4.9553289               2.3863609              -1.0000000
           133              -4.1922617               3.3432169              -2.3750000
           134              -4.1922617               3.3432169              -1.6875000
           135              -4.1922617               3.3432169              -1.0000000
           136              -3.4291940               4.3000731              -2.3750000
           137              -3.4291940               4.3000731              -1.6875000
           138              -3.4291940               4.3000731              -1.0000000
           139              -4.9553289               2.3863609              -1.0000000
           140              -4.9553289               2.3863609               0.0000000
           141              -4.1922617               3.3432169              -1.0000000
           142              -4.1922617               3.3432169               0.0000000
           143              -3.4291940               4.3000731              -1.0000000
           144              -3.4291940               4.3000731               0.0000000
           145              -5.5000000               0.0000000              -3.7500000
           146              -5.5000000               0.0000000              -3.0625000
           147              -5.5000000               0.0000000              -2.3750000
           148              -5.2276645               1.1931804              -3.7500000
           149              -5.2276645               1.1931804              -3.0625000
           150              -5.2276645               1.1931804              -2.3750000
           151              -4.9553289               2.3863609              -3.7500000
           152              -4.9553289               2.3863609              -3.0625000
           153              -4.9553289               2.3863609              -2.3750000
           154              -5.5000000               0.0000000              -2.3750000
           155              -5.5000000               0.0000000              -1.6875000
           156              -5.5000000               0.0000000              -1.0000000
           157              -5.2276645               1.1931804              -2.3750000
           158              -5.2276645               1.1931804              -1.6875000
           159              -5.2276645               1.1931804              -1.0000000
           160              -4.9553289               2.3863609              -2.3750000
           161              -4.9553289               2.3863609              -1.6875000
           162              -4.9553289               2.3863609              -1.0000000
           163              -5.5000000               0.0000000              -1.0000000
           164              -5.5000000               0.0000000               0.0000000
           165              -5.2276645               1.1931804              -1.0000000
           166              -5.2276645               1.1931804               0.0000000
           167              -4.9553289               2.3863609              -1.0000000
           168              -4.9553289               2.3863609               0.0000000
           169               1.3750000               0.0000000              -3.7500000
           170               0.6875000               0.0000000              -3.7500000
           171               0.0000000               0.0000000              -3.7500000
           172               1.2388320               0.5965901              -3.7500000
           173               0.6194160               0.2982951              -3.7500000
           174               0.0000000               0.0000000              -3.7500000
           175               2.7500000               0.0000000              -3.7500000
           176               2.0625000               0.0000000              -3.7500000
           177               1.3750000               0.0000000              -3.7500000
           178               2.4776640               1.1931800              -3.7500000
           179               1.8582480               0.8948851              -3.7500000
           180               1.2388320               0.5965901              -3.7500000
           181               4.1250000               0.0000000              -3.7500000
           182               3.4375000               0.0000000              -3.7500000
           183               2.7500000               0.0000000              -3.7500000
           184               3.9207485               0.8948850              -3.7500000
           185               3.2672901               0.7457375              -3.7500000
           186               2.6138320               0.5965900              -3.7500000
           187               3.7164969               1.7897700              -3.7500000
           188               3.0970805               1.4914750              -3.7500000
           189               2.4776640               1.1931800              -3.7500000
           190               5.5000000               0.0000000              -3.7500000
           191               4.8125000               0.0000000              -3.7500000
           192               4.1250000               0.0000000              -3.7500000
           193               5.2276645               1.1931804              -3.7500000
           194               4.5742064               1.0440327              -3.7500000
           195               3.9207485               0.8948850              -3.7500000
           196               4.9553289               2.3863609              -3.7500000
           197               4.3359127               2.0880654              -3.7500000
           198               3.7164969               1.7897700              -3.7500000
           199               1.2388320               0.5965901              -3.7500000
           200               0.6194160               0.2982951              -3.7500000
           201               0.0000000               0.0000000              -3.7500000
           202               0.8572985               1.0750180              -3.7500000
           203               0.4286492               0.5375090              -3.7500000
           204               0.0000000               0.0000000              -3.7500000
           205               2.4776640               1.1931800              -3.7500000
           206               1.8582480               0.8948851              -3.7500000
           207               1.2388320               0.5965901              -3.7500000
           208               1.7145970               2.1500371              -3.7500000
           209               1.2859478               1.6125276              -3.7500000
           210               0.8572985               1.0750180              -3.7500000
           211               3.7164969               1.7897700              -3.7500000
           212               3.0970805               1.4914750              -3.7500000
           213               2.4776640               1.1931800              -3.7500000
           214               3.1441960               2.5074124              -3.7500000
           215               2.6201632               2.0895104              -3.7500000
           216               2.0961304               1.6716084              -3.7500000
           217               2.5718949               3.2250550              -3.7500000
           218               2.1432459               2.6875460              -3.7500000
           219               1.7145970               2.1500371              -3.7500000
           220               4.9553289               2.3863609              -3.7500000
           221               4.3359127               2.0880654              -3.7500000
           222               3.7164969               1.7897700              -3.7500000
           223               4.1922617               3.3432169              -3.7500000
           224               3.6682289               2.9253147              -3.7500000
           225               3.1441960               2.5074124              -3.7500000
           226               3.4291940               4.3000731              -3.7500000
           227               3.0005445               3.7625642              -3.7500000
           228               2.5718949               3.2250550              -3.7500000
           229               0.8572985               1.0750180              -3.7500000
           230               0.4286492               0.5375090              -3.7500000
           231               0.0000000               0.0000000              -3.7500000
           232               0.3059663               1.3405260              -3.7500000
           233               0.1529831               0.6702630              -3.7500000
           234               0.0000000               0.0000000              -3.7500000
           235               1.7145970               2.1500371              -3.7500000
           236               1.2859478               1.6125276              -3.7500000
           237               0.8572985               1.0750180              -3.7500000
           238               0.6119325               2.6810520              -3.7500000
           239               0.4589494               2.0107889              -3.7500000
           240               0.3059663               1.3405260              -3.7500000
           241               2.5718949               3.2250550              -3.7500000
           242               2.1432459               2.6875460              -3.7500000
           243               1.7145970               2.1500371              -3.7500000
           244               1.7448969               3.6233163              -3.7500000
           245               1.4540808               3.0194304              -3.7500000
           246               1.1632648               2.4155445              -3.7500000
           247               0.9178989               4.0215778              -3.7500000
           248               0.7649157               3.3513150              -3.7500000
           249               0.6119325               2.6810520              -3.7500000
           250               3.4291940               4.3000731              -3.7500000
           251               3.0005445               3.7625642              -3.7500000
           252               2.5718949               3.2250550              -3.7500000
           253               2.3265295               4.8310885              -3.7500000
           254               2.0357132               4.2272024              -3.7500000
           255               1.7448969               3.6233163              -3.7500000
           256               1.2238650               5.3621039              -3.7500000
           257               1.0708820               4.6918411              -3.7500000
           258               0.9178989               4.0215778              -3.7500000
           259               0.3059663               1.3405260              -3.7500000
           260               0.1529831               0.6702630              -3.7500000
           261               0.0000000               0.0000000              -3.7500000
           262              -0.3059663               1.3405260              -3.7500000
           263              -0.1529831               0.6702630              -3.7500000
           264               0.0000000               0.0000000              -3.7500000
           265               0.6119326               2.6810520              -3.7500000
           266               0.4589494               2.0107889              -3.7500000
           267               0.3059663               1.3405260              -3.7500000
           268              -0.6119326               2.6810520              -3.7500000
           269              -0.4589494               2.0107889              -3.7500000
           270              -0.3059663               1.3405260              -3.7500000
           271               0.9178989               4.0215778              -3.7500000
           272               0.7649157               3.3513150              -3.7500000
           273               0.6119326               2.6810520              -3.7500000
           274               0.0000000               4.0215778              -3.7500000
           275               0.0000000               3.3513150              -3.7500000
           276               0.0000000               2.6810520              -3.7500000
           277              -0.9178989               4.0215778              -3.7500000
           278              -0.7649157               3.3513150              -3.7500000
           279              -0.6119326               2.6810520              -3.7500000
           280               1.2238650               5.3621039              -3.7500000
           281               1.0708820               4.6918411              -3.7500000
           282               0.9178989               4.0215778              -3.7500000
           283               0.0000000               5.3621039              -3.7500000
           284               0.0000000               4.6918411              -3.7500000
           285               0.0000000               4.0215778              -3.7500000
           286              -1.2238650               5.3621039              -3.7500000
           287              -1.0708820               4.6918411              -3.7500000
           288              -0.9178989               4.0215778              -3.7500000
           289              -0.3059663               1.3405260              -3.7500000
           290              -0.1529831               0.6702630              -3.7500000
           291               0.0000000               0.0000000              -3.7500000
           292              -0.8572985               1.0750180              -3.7500000
           293              -0.4286492               0.5375090              -3.7500000
           294               0.0000000               0.0000000              -3.7500000
           295              -0.6119326               2.6810520              -3.7500000
           296              -0.4589494               2.0107889              -3.7500000
           297              -0.3059663               1.3405260              -3.7500000
           298              -1.7145970               2.1500371              -3.7500000
           299              -1.2859478               1.6125276              -3.7500000
           300              -0.8572985               1.0750180              -3.7500000
           301              -0.9178989               4.0215778              -3.7500000
           302              -0.7649157               3.3513150              -3.7500000
           303              -0.6119326               2.6810520              -3.7500000
           304              -1.7448969               3.6233163              -3.7500000
           305              -1.4540808               3.0194304              -3.7500000
           306              -1.1632648               2.4155445              -3.7500000
           307              -2.5718949               3.2250550              -3.7500000
           308              -2.1432459               2.6875460              -3.7500000
           309              -1.7145970               2.1500371              -3.7500000
           310              -1.2238650               5.3621039              -3.7500000
           311              -1.0708820               4.6918411              -3.7500000
           312              -0.9178989               4.0215778              -3.7500000
           313              -2.3265295               4.8310885              -3.7500000
           314              -2.0357132               4.2272024              -3.7500000
           315              -1.7448969               3.6233163              -3.7500000
           316              -3.4291940               4.3000731              -3.7500000
           317              -3.0005445               3.7625642              -3.7500000
           318              -2.5718949               3.2250550              -3.7500000
           319              -0.8572985               1.0750180              -3.7500000
           320              -0.4286492               0.5375090              -3.7500000
           321               0.0000000               0.0000000              -3.7500000
           322              -1.2388320               0.5965901              -3.7500000
           323              -0.6194160               0.2982951              -3.7500000
           324               0.0000000               0.0000000              -3.7500000
           325              -1.7145970               2.1500371              -3.7500000
           326              -1.2859478               1.6125276              -3.7500000
           327              -0.8572985               1.0750180              -3.7500000
           328              -2.4776640               1.1931800              -3.7500000
           329              -1.8582480               0.8948851              -3.7500000
           330              -1.2388320               0.5965901              -3.7500000
           331              -2.5718949               3.2250550              -3.7500000
           332              -2.1432459               2.6875460              -3.7500000
           333              -1.7145970               2.1500371              -3.7500000
           334              -3.1441960               2.5074124              -3.7500000
           335              -2.6201632               2.0895104              -3.7500000
           336              -2.0961304               1.6716084              -3.7500000
           337              -3.7164969               1.7897700              -3.7500000
           338              -3.0970805               1.4914750              -3.7500000
           339              -2.4776640               1.1931800              -3.7500000
           340              -3.4291940               4.3000731              -3.7500000
           341              -3.0005445               3.7625642              -3.7500000
           342              -2.5718949               3.2250550              -3.7500000
           343              -4.1922617               3.3432169              -3.7500000
           344              -3.6682289               2.9253147              -3.7500000
           345              -3.1441960               2.5074124              -3.7500000
           346              -4.9553289               2.3863609              -3.7500000
           347              -4.3359127               2.0880654              -3.7500000
           348              -3.7164969               1.7897700              -3.7500000
           349              -1.2388320               0.5965901              -3.7500000
           350              -0.6194160               0.2982951              -3.7500000
           351               0.0000000               0.0000000              -3.7500000
           352              -1.3750000               0.0000000              -3.7500000
           353              -0.6875000               0.0000000              -3.7500000
           354               0.0000000               0.0000000              -3.7500000
           355              -2.4776640               1.1931800              -3.7500000
           356              -1.8582480               0.8948851              -3.7500000
           357              -1.2388320               0.5965901              -3.7500000
           358              -2.7500000               0.0000000              -3.7500000
           359              -2.0625000               0.0000000              -3.7500000
           360              -1.3750000               0.0000000              -3.7500000
           361              -3.7164969               1.7897700              -3.7500000
           362              -3.0970805               1.4914750              -3.7500000
           363              -2.4776640               1.1931800              -3.7500000
           364              -3.9207485               0.8948850              -3.7500000
           365              -3.2672901               0.7457375              -3.7500000
           366              -2.6138320               0.5965900              -3.7500000
           367              -4.1250000               0.0000000              -3.7500000
           368              -3.4375000               0.0000000              -3.7500000
           369              -2.7500000               0.0000000              -3.7500000
           370              -4.9553289               2.3863609              -3.7500000
           371              -4.3359127               2.0880654              -3.7500000
           372              -3.7164969               1.7897700              -3.7500000
           373              -5.2276645               1.1931804              -3.7500000
           374              -4.5742064               1.0440327              -3.7500000
           375              -3.9207485               0.8948850              -3.7500000
           376              -5.5000000               0.0000000              -3.7500000
           377              -4.8125000               0.0000000              -3.7500000
           378              -4.1250000               0.0000000              -3.7500000
             0          0.00          0.00          0.00
             1             2             5             4
             2             3             6             5
             4             5             8             7
             5             6             9             8
            10            11            14            13
            11            12            15            14
            13            14            17            16
            14            15            18            17
            19            20            22            21
            21            22            24            23
            25            26            29            28
            26            27            30            29
            28            29            32            31
            29            30            33            32
            34            35            38            37
            35            36            39            38
            37            38            41            40
            38            39            42            41
            43            44            46            45
            45            46            48            47
            49            50            53            52
            50            51            54            53
            52            53            56            55
            53            54            57            56
            58            59            62            61
            59            60            63            62
            61            62            65            64
            62            63            66            65
            67            68            70            69
            69            70            72            71
            73            74            77            76
            74            75            78            77
            76            77            80            79
            77            78            81            80
            82            83            86            85
            83            84            87            86
            85            86            89            88
            86            87            90            89
            91            92            94            93
            93            94            96            95
            97            98           101           100
            98            99           102           101
           100           101           104           103
           101           102           105           104
           106           107           110           109
           107           108           111           110
           109           110           113           112
           110           111           114           113
           115           116           118           117
           117           118           120           119
           121           122           125           124
           122           123           126           125
           124           125           128           127
           125           126           129           128
           130           131           134           133
           131           132           135           134
           133           134           137           136
           134           135           138           137
           139           140           142           141
           141           142           144           143
           145           146           149           148
           146           147           150           149
           148           149           152           151
           149           150           153           152
           154           155           158           157
           155           156           159           158
           157           158           161           160
           158           159           162           161
           163           164           166           165
           165           166           168           167
           169           170           173           172
           170           171           174           173
           175           176           179           178
           176           177           180           179
           181           182           185           184
           182           183           186           185
           184           185           188           187
           185           186           189           188
           190           191           194           193
           191           192           195           194
           193           194           197           196
           194           195           198           197
           199           200           203           202
           200           201           204           203
           205           206           209           208
           206           207           210           209
           211           212           215           214
           212           213           216           215
           214           215           218           217
           215           216           219           218
           220           221           224           223
           221           222           225           224
           223           224           227           226
           224           225           228           227
           229           230           233           232
           230           231           234           233
           235           236           239           238
           236           237           240           239
           241           242           245           244
           242           243           246           245
           244           245           248           247
           245           246           249           248
           250           251           254           253
           251           252           255           254
           253           254           257           256
           254           255           258           257
           259           260           263           262
           260           261           264           263
           265           266           269           268
           266           267           270           269
           271           272           275           274
           272           273           276           275
           274           275           278           277
           275           276           279           278
           280           281           284           283
           281           282           285           284
           283           284           287           286
           284           285           288           287
           289           290           293           292
           290           291           294           293
           295           296           299           298
           296           297           300           299
           301           302           305           304
           302           303           306           305
           304           305           308           307
           305           306           309           308
           310           311           314           313
           311           312           315           314
           313           314           317           316
           314           315           318           317
           319           320           323           322
           320           321           324           323
           325           326           329           328
           326           327           330           329
           331           332           335           334
           332           333           336           335
           334           335           338           337
           335           336           339           338
           340           341           344           343
           341           342           345           344
           343           344           347           346
           344           345           348           347
           349           350           353           352
           350           351           354           353
           355           356           359           358
           356           357           360           359
           361           362           365           364
           362           363           366           365
           364           365           368           367
           365           366           369           368
           370           371           374           373
           371           372           375           374
           373           374           377           376
           374           375           378           377
          0          0          0          0
