Nb de periode :    50
 0.1000
  0.340359E+02  0.117347E-06 -0.789762E-03 -0.125170E-05 -0.204512E+02 -0.295586E-11
 -0.236556E-06  0.340342E+02 -0.590459E-06  0.204400E+02 -0.700355E-06  0.319460E-10
  0.219727E-02 -0.286877E-03 -0.905173E+02 -0.982285E-04  0.673065E-01  0.436557E-10
  0.465661E-07  0.109416E+02  0.101514E-06  0.654479E+01 -0.119209E-06  0.739401E-09
 -0.109623E+02 -0.106171E-06 -0.229036E-01  0.894070E-06  0.639718E+01  0.284217E-12
 -0.381639E-16 -0.549730E-11  0.381639E-16 -0.668525E-09 -0.388578E-15  0.566355E-14
 0.2000
  0.314143E+03 -0.482798E-05 -0.264168E-03  0.109673E-04 -0.242955E+03  0.818545E-11
 -0.500679E-05  0.314147E+03 -0.248849E-04  0.242964E+03  0.238419E-05  0.412967E-09
 -0.638962E-03 -0.499547E-03  0.874169E+02 -0.534058E-04 -0.157074E+00  0.363798E-10
  0.737607E-06  0.150097E+03  0.103340E-04  0.112450E+03 -0.739098E-05 -0.669411E-08
 -0.150050E+03  0.648201E-06 -0.582120E-01 -0.345707E-05  0.112068E+03 -0.545697E-11
  0.121431E-15  0.394893E-09  0.138778E-15  0.155967E-08 -0.194289E-14  0.352725E-13
 0.3000
  0.135653E+04  0.500679E-05  0.451374E-02  0.476837E-05 -0.148326E+04  0.363798E-11
  0.138283E-04  0.135653E+04 -0.234306E-03  0.148325E+04 -0.762939E-05  0.159162E-09
 -0.309601E-01  0.109863E-02  0.113532E+05 -0.157318E-01  0.175293E+00  0.232831E-09
 -0.298023E-05  0.102352E+04 -0.485778E-04  0.111140E+04  0.295639E-04 -0.396494E-08
 -0.102348E+04  0.303984E-05 -0.224068E+00  0.753403E-04  0.111065E+04 -0.436557E-10
  0.166533E-15  0.537042E-09  0.444089E-15  0.237026E-08  0.843769E-14  0.462789E-12
 0.4000
  0.461700E+04  0.101089E-03 -0.132397E+00 -0.381470E-05 -0.732020E+04  0.727596E-10
 -0.159740E-04  0.461700E+04  0.560284E-04  0.732022E+04 -0.762939E-04  0.541149E-09
  0.611572E-01 -0.116196E-01  0.110275E+06 -0.112122E+00  0.461914E+00  0.232831E-09
  0.340939E-04  0.544622E+04 -0.647545E-03  0.849433E+04 -0.122070E-03 -0.903492E-08
 -0.544610E+04  0.278950E-04  0.287542E+01  0.129700E-03  0.849305E+04 -0.320142E-09
  0.794920E-13  0.146306E-08 -0.388578E-14 -0.382263E-08 -0.976996E-14  0.296900E-12
 0.5000
  0.145839E+05 -0.220299E-03 -0.116020E+00 -0.114441E-03 -0.334916E+05 -0.116415E-09
  0.286102E-05  0.145839E+05  0.229263E-02  0.334916E+05 -0.175476E-03  0.243745E-09
  0.139404E+00 -0.966492E-01  0.110086E+07 -0.628662E+00  0.121094E+01  0.372529E-08
 -0.217438E-03  0.261550E+05 -0.300407E-02  0.590706E+05 -0.534058E-03 -0.844011E-08
 -0.261550E+05  0.108719E-03 -0.364232E+01 -0.184631E-02  0.590684E+05  0.116415E-08
  0.131450E-12 -0.368698E-08 -0.133227E-14 -0.784352E-08 -0.142109E-13 -0.135884E-10
 0.6000
  0.449227E+05 -0.251770E-03 -0.108643E+01  0.144958E-02 -0.149892E+06  0.931323E-09
  0.383377E-03  0.449227E+05  0.830078E-02  0.149892E+06  0.131226E-02 -0.128348E-07
  0.272266E+01  0.832519E+00  0.234223E+08 -0.205684E+02  0.857812E+01 -0.298023E-07
  0.984192E-03  0.121105E+06 -0.138702E-01  0.399273E+06  0.408936E-02  0.542495E-07
 -0.121103E+06  0.633240E-03 -0.213040E+02  0.976562E-03  0.399270E+06 -0.605360E-08
 -0.426326E-13 -0.899112E-08  0.923706E-13 -0.214636E-07 -0.156319E-11  0.268328E-10
 0.7000
  0.135869E+06  0.160980E-02  0.854492E-03 -0.125732E-01 -0.666340E+06 -0.107102E-07
  0.103760E-02  0.135869E+06  0.381927E-01  0.666340E+06 -0.114136E-01 -0.884756E-08
  0.372864E+00  0.327301E-02  0.813764E+07  0.192725E+01  0.216016E+01  0.000000E+00
  0.314331E-02  0.544960E+06 -0.125122E+00  0.267075E+07  0.263672E-01 -0.998843E-07
 -0.544958E+06 -0.143433E-02  0.527490E+01  0.910645E-01  0.267074E+07  0.260770E-07
  0.284217E-13  0.323904E-08  0.852651E-13 -0.280903E-08  0.316049E-10 -0.110453E-10
 0.8000
  0.413439E+06  0.234985E-02  0.808105E-01  0.295410E-01 -0.314180E+07 -0.745058E-08
 -0.701904E-03  0.413440E+06 -0.103867E+00  0.314181E+07  0.488281E-01 -0.128057E-07
 -0.309815E+00 -0.121002E+00  0.310600E+07  0.469727E+00  0.189062E+01  0.186265E-08
 -0.488281E-03  0.260879E+07  0.636352E+00  0.198025E+08  0.712891E-01 -0.339933E-06
 -0.260878E+07 -0.122070E-02  0.132617E+01  0.878906E-02  0.198025E+08 -0.968575E-07
  0.204636E-11 -0.109980E-07  0.341061E-12 -0.778221E-07  0.254659E-10  0.170318E-09
 0.9000
  0.135792E+07 -0.317383E-02 -0.161133E-01 -0.444336E-01 -0.181262E+08  0.000000E+00
  0.939941E-02  0.135792E+07  0.469849E+00  0.181262E+08  0.927734E-02  0.156462E-06
 -0.108887E+00  0.139160E-01  0.173974E+07 -0.542236E+00  0.305469E+01  0.186265E-08
 -0.576172E-01  0.151035E+08 -0.325244E+01  0.201519E+09 -0.165625E+01  0.473112E-05
 -0.151035E+08 -0.781250E-02 -0.437500E+00  0.103906E+01  0.201519E+09 -0.596046E-07
  0.511591E-12 -0.386265E-06  0.386535E-11 -0.429929E-05 -0.609361E-10 -0.467615E-09
 1.0000
  0.259295E+06  0.793457E-03  0.165588E+00  0.818176E-01 -0.943023E+07  0.111759E-07
 -0.299072E-02  0.259293E+06 -0.411186E-01  0.943018E+07  0.488281E-03 -0.275904E-07
 -0.145020E+00 -0.867004E-01  0.101020E+07  0.175635E+01  0.601953E+01 -0.745058E-08
 -0.390625E-02  0.775839E+07  0.814703E+01  0.281822E+09 -0.484668E+01 -0.417605E-05
 -0.775842E+07  0.546875E-01  0.678809E+01  0.162793E+01  0.281823E+09  0.238419E-06
  0.188720E-10 -0.204681E-06 -0.181899E-11 -0.326589E-05  0.818545E-11  0.365224E-09
 1.1000
  0.291083E+05 -0.240803E-03  0.218872E+00 -0.430298E-02  0.186298E+07 -0.104774E-08
  0.338554E-04  0.291086E+05 -0.798721E-01 -0.186298E+07 -0.106812E-02  0.375847E-06
  0.332031E-01  0.135193E-01  0.492379E+06  0.710449E-01  0.256445E+01 -0.186265E-08
 -0.289612E-01 -0.168098E+07 -0.603467E+01  0.103007E+09 -0.957031E-01  0.554021E-06
  0.168097E+07  0.836182E-02  0.306445E+01 -0.966797E+00  0.103007E+09 -0.106171E-06
 -0.111413E-10  0.115501E-06 -0.136424E-11  0.488290E-06 -0.654836E-10 -0.106859E-08
 1.2000
  0.217009E+06  0.648499E-03 -0.908203E-01 -0.744629E-02  0.364842E+07  0.419095E-08
  0.503540E-03  0.217009E+06  0.234528E-01 -0.364842E+07 -0.137939E-01  0.142551E-06
 -0.139648E+00 -0.162964E-01  0.113016E+06  0.487061E-01 -0.434570E+00  0.186265E-08
  0.119629E-01 -0.316229E+07 -0.291016E+00  0.527402E+08  0.800781E-01 -0.246800E-06
  0.316229E+07 -0.207520E-01 -0.299609E+01 -0.261719E+00  0.527402E+08 -0.134110E-06
  0.454747E-10  0.163772E-07 -0.545697E-11 -0.122002E-05  0.000000E+00 -0.413815E-08
 1.3000
  0.404024E+06 -0.122070E-03 -0.144775E+00 -0.537109E-02  0.368502E+07 -0.931323E-08
  0.640869E-03  0.404024E+06 -0.185348E+00 -0.368502E+07  0.174561E-01  0.206754E-06
 -0.190674E+00  0.202179E-02  0.255632E+05  0.656128E-02  0.119165E+01  0.186265E-08
 -0.104980E-01 -0.317395E+07  0.196619E+01  0.288976E+08 -0.634766E-01 -0.169035E-05
  0.317395E+07  0.202637E-01 -0.275781E+01 -0.546875E-01  0.288976E+08  0.223517E-06
  0.954969E-10  0.495116E-06 -0.181899E-11  0.170620E-05  0.114960E-08  0.194158E-08
 1.4000
  0.536353E+06 -0.433350E-02  0.290039E+00 -0.294189E-01  0.298007E+07  0.130385E-07
 -0.155640E-02  0.536353E+06 -0.139206E+00 -0.298007E+07 -0.231934E-02 -0.105239E-06
  0.358887E+00 -0.140076E-01  0.691932E+06 -0.796478E+00  0.163257E+01 -0.186265E-08
 -0.671387E-02 -0.255387E+07  0.254883E+00  0.140586E+08  0.108398E+00 -0.188127E-06
  0.255387E+07  0.394287E-01  0.307031E+01 -0.185547E-01  0.140586E+08 -0.149012E-07
  0.112777E-08  0.530538E-07  0.554792E-10 -0.130206E-06  0.725413E-08  0.140263E-07
 1.5000
  0.592160E+06  0.610352E-04 -0.603027E-01 -0.842285E-02  0.176764E+07 -0.372529E-07
 -0.442505E-02  0.592160E+06  0.109711E-01 -0.176764E+07 -0.122070E-02  0.115717E-06
  0.134033E+00 -0.463867E-02  0.155081E+07 -0.326904E+00 -0.342188E+01  0.186265E-08
  0.561523E-02 -0.148289E+07 -0.709839E-01  0.441125E+07 -0.341797E-02 -0.563450E-07
  0.148289E+07 -0.329590E-02  0.742188E+00  0.151367E-01  0.441126E+07 -0.119209E-06
 -0.171713E-08  0.505062E-06 -0.582077E-10  0.558541E-05  0.170548E-07  0.450290E-07
 1.6000
  0.543481E+06  0.122070E-02  0.231934E-01 -0.341797E-02  0.191823E+06 -0.260770E-07
  0.610352E-03  0.543480E+06  0.352707E-01 -0.191827E+06 -0.793457E-02  0.377186E-07
 -0.341187E-01 -0.572853E-01  0.137861E+07 -0.434326E+00 -0.253125E+01 -0.558794E-08
 -0.144958E-03 -0.106762E+06  0.354767E-03 -0.364669E+05 -0.762939E-04  0.186265E-07
  0.106764E+06  0.143433E-02  0.113025E+01 -0.112915E-02 -0.364836E+05 -0.232831E-08
  0.165892E-08  0.394357E-08  0.414730E-09  0.768840E-06  0.859145E-07  0.127578E-06
 1.7000
  0.347073E+06 -0.311279E-02  0.110657E+00  0.219727E-01 -0.131512E+07  0.372529E-07
  0.335693E-03  0.347072E+06  0.114021E-01  0.131512E+07  0.355530E-01  0.770669E-07
 -0.607910E-01 -0.135651E-01  0.899856E+06 -0.365478E+00 -0.197461E+01 -0.186265E-08
  0.695801E-02  0.119475E+07  0.434570E-01  0.448301E+07  0.709229E-01 -0.954606E-06
 -0.119475E+07 -0.402832E-02 -0.754394E+00  0.105103E+00  0.448302E+07  0.596046E-07
 -0.126893E-07 -0.134089E-06  0.858563E-09 -0.701890E-06  0.824337E-06  0.390014E-06
 1.8000
  0.776668E+05 -0.106812E-03  0.390930E-01  0.857544E-02 -0.131248E+07 -0.279397E-08
 -0.320435E-03  0.776669E+05 -0.412941E-02  0.131247E+07  0.178070E-01  0.103435E-06
 -0.156250E+00  0.383606E-01  0.507107E+06 -0.163855E+01  0.993164E+00  0.186265E-08
 -0.268555E-02  0.114617E+07  0.337143E+00  0.192508E+08 -0.332031E-01  0.470318E-06
 -0.114617E+07  0.244141E-03  0.332886E+01 -0.233032E+00  0.192508E+08 -0.298023E-07
 -0.391155E-07  0.205764E-06  0.238069E-07  0.290922E-05 -0.486616E-07  0.114235E-05
 1.9000
  0.111497E+05 -0.133514E-03  0.237579E-01 -0.640106E-02  0.577822E+06 -0.232831E-09
  0.953674E-04  0.111498E+05 -0.898552E-02 -0.577823E+06 -0.157166E-02  0.419168E-07
  0.105469E+00 -0.259857E-01  0.224668E+06 -0.984802E-01 -0.746582E+00 -0.186265E-08
 -0.299072E-02 -0.589430E+06 -0.213562E+00  0.293738E+08  0.253906E-01 -0.122283E-05
  0.589430E+06  0.244141E-03 -0.163477E+01  0.218750E+00  0.293738E+08 -0.186265E-07
 -0.238651E-07  0.385626E-07 -0.218279E-09 -0.189112E-05  0.404762E-06  0.364926E-06
 2.0000
  0.134783E+06 -0.254440E-02  0.252686E-01 -0.799561E-02  0.193210E+07 -0.838190E-08
 -0.484467E-03  0.134783E+06  0.288620E-01 -0.193210E+07 -0.387573E-02 -0.789878E-07
  0.316162E-01 -0.518799E-03  0.449254E+05 -0.507355E-01 -0.131787E+01 -0.931323E-09
  0.149536E-01 -0.179185E+07 -0.463867E-01  0.251093E+08  0.341797E-02  0.921777E-06
  0.179185E+07 -0.528564E-01 -0.114062E+01 -0.639648E-01  0.251093E+08 -0.372529E-08
 -0.945874E-10  0.155299E-06 -0.931323E-09 -0.137369E-05  0.205677E-06  0.236625E-08
 2.1000
  0.226911E+06  0.244141E-03  0.231323E-01 -0.216064E-01  0.205738E+07 -0.186265E-08
 -0.305176E-04  0.226911E+06 -0.783539E-02 -0.205738E+07 -0.683594E-02  0.454602E-07
  0.104614E+00 -0.514984E-02  0.711126E+04  0.925636E-02  0.804962E+00  0.000000E+00
 -0.175781E-01 -0.189934E+07  0.328735E+00  0.166456E+08 -0.198242E+00  0.291504E-06
  0.189934E+07  0.219727E-02  0.600098E+00 -0.163574E+00  0.166455E+08  0.521541E-07
 -0.444743E-09  0.129415E-06 -0.145974E-08 -0.160551E-05  0.189393E-07  0.224346E-07
 2.2000
  0.258660E+06  0.186157E-02  0.101929E+00 -0.527954E-02  0.162611E+07 -0.279397E-07
  0.155640E-02  0.258660E+06  0.229187E-01 -0.162611E+07  0.109253E-01  0.428408E-07
  0.549316E-02 -0.456238E-02  0.172923E+06  0.230057E+00 -0.137891E+01  0.000000E+00
  0.903320E-02 -0.148741E+07  0.899353E-01  0.907364E+07  0.732422E-02 -0.281259E-06
  0.148741E+07 -0.720215E-02  0.143555E+00  0.283203E-01  0.907364E+07  0.223517E-07
 -0.305590E-08  0.368600E-07  0.552973E-09  0.115651E-07  0.297616E-06  0.120214E-06
 2.3000
  0.229370E+06  0.488281E-03 -0.408936E-02 -0.436401E-02  0.922670E+06  0.745058E-08
  0.244141E-02  0.229370E+06  0.184231E-01 -0.922670E+06 -0.387573E-02 -0.162981E-08
 -0.270996E-01 -0.121384E-01  0.354491E+06 -0.213776E+00 -0.874023E-01  0.465661E-09
 -0.903320E-02 -0.840275E+06 -0.362091E-01  0.334034E+07  0.380859E-01 -0.866596E-06
  0.840275E+06  0.256348E-02 -0.633057E+00 -0.299072E-01  0.334034E+07  0.298023E-07
  0.129803E-07  0.106171E-06  0.789441E-08  0.903387E-06  0.243192E-06  0.218360E-06
 2.4000
  0.146458E+06 -0.869751E-03  0.277328E-01  0.118256E-02  0.161107E+06 -0.558794E-08
 -0.129700E-02  0.146458E+06  0.204754E-02 -0.161108E+06 -0.154114E-02 -0.223517E-07
 -0.186768E-01 -0.962448E-02  0.350006E+06 -0.495941E+00 -0.623047E+00 -0.419095E-08
 -0.854492E-03 -0.142271E+06 -0.363827E-02  0.145663E+06  0.273895E-02 -0.184402E-06
  0.142271E+06 -0.157166E-02 -0.586540E+00 -0.129700E-03  0.145658E+06  0.838190E-08
 -0.378350E-08 -0.520740E-07  0.232831E-08  0.218282E-06 -0.211876E-07  0.291220E-06
 2.5000
  0.370561E+05 -0.267029E-03 -0.859604E-01  0.187111E-02 -0.257143E+06  0.000000E+00
 -0.312805E-03  0.370561E+05  0.248451E-01  0.257142E+06 -0.142097E-02  0.151340E-08
 -0.777588E-01 -0.220261E-01  0.241622E+06 -0.967712E-01 -0.105762E+01  0.465661E-08
 -0.610352E-03  0.230801E+06  0.251446E-01  0.167296E+07 -0.942993E-02  0.252621E-06
 -0.230800E+06  0.671387E-03  0.323578E+00 -0.196533E-01  0.167296E+07  0.000000E+00
  0.116997E-07 -0.213193E-06 -0.356522E-09 -0.102791E-06 -0.282365E-06  0.315760E-06
 2.6000
  0.273544E+04 -0.133514E-04  0.800743E-01 -0.495911E-03  0.145724E+06  0.582077E-10
  0.219345E-04  0.273546E+04  0.979662E-03 -0.145724E+06 -0.106812E-02  0.140208E-07
 -0.245361E-01  0.364685E-02  0.121449E+06 -0.142532E+00 -0.348633E+00  0.139698E-08
 -0.259399E-02 -0.142111E+06  0.649933E+00  0.694031E+07  0.316162E-01 -0.523170E-06
  0.142110E+06  0.149536E-02  0.111084E+00 -0.157471E+00  0.694031E+07 -0.372529E-08
 -0.902219E-09 -0.669024E-08  0.387092E-08  0.533261E-06  0.176343E-06  0.291089E-06
 2.7000
  0.491562E+05 -0.186920E-03 -0.169373E-02 -0.898743E-02  0.731746E+06 -0.104774E-08
 -0.320435E-03  0.491562E+05 -0.102196E-01 -0.731746E+06  0.460052E-02  0.659275E-07
 -0.663452E-01 -0.911713E-02  0.311414E+05  0.334740E-01 -0.110199E+01  0.000000E+00
 -0.354004E-02 -0.682316E+06  0.480652E-01  0.931427E+07 -0.678711E-01 -0.381609E-06
  0.682317E+06  0.961304E-02  0.381103E+00  0.671387E-02  0.931428E+07  0.763685E-07
  0.000000E+00  0.656000E-07  0.195359E-08 -0.352868E-06 -0.279673E-06  0.299612E-06
 2.8000
  0.941997E+05 -0.663757E-03  0.143280E-01 -0.123749E-01  0.941376E+06  0.000000E+00
  0.915527E-04  0.941998E+05 -0.198879E-01 -0.941377E+06 -0.321960E-02 -0.706641E-07
  0.172577E-01  0.268936E-03  0.985002E+03  0.317240E-02  0.202492E+00  0.116415E-09
  0.671387E-03 -0.869793E+06  0.337967E+00  0.798093E+07  0.205811E+00  0.381842E-06
  0.869792E+06 -0.933838E-02  0.210083E+00  0.357666E-01  0.798093E+07  0.335276E-07
 -0.465661E-08 -0.279833E-07  0.467480E-09  0.490053E-06 -0.204112E-06  0.232982E-06
 2.9000
  0.107218E+06  0.839233E-03 -0.214233E-01 -0.421906E-02  0.769143E+06  0.000000E+00
  0.473022E-03  0.107218E+06  0.599098E-02 -0.769143E+06 -0.518799E-03 -0.815489E-07
  0.404663E-01  0.316620E-03  0.660520E+05  0.211868E-01  0.533325E+00  0.000000E+00
  0.250244E-02 -0.696321E+06 -0.310745E+00  0.484436E+07 -0.516357E-01 -0.290573E-06
  0.696320E+06  0.126343E-01  0.418823E+00 -0.146484E-01  0.484435E+07  0.335276E-07
  0.698492E-09 -0.786531E-07  0.552973E-09  0.226028E-07  0.749424E-08  0.888451E-07
 3.0000
  0.787599E+05  0.366211E-03  0.125961E-01  0.236893E-02  0.367428E+06  0.279397E-08
 -0.366211E-03  0.787599E+05 -0.124149E-01 -0.367428E+06  0.319290E-02 -0.371365E-07
  0.803337E-01  0.282049E-02  0.137640E+06 -0.226013E+00  0.868164E+00 -0.261934E-09
  0.189209E-02 -0.335950E+06 -0.112455E+00  0.156205E+07  0.668335E-02  0.251457E-06
  0.335950E+06 -0.457764E-02 -0.312103E+00  0.474548E-02  0.156205E+07  0.000000E+00
 -0.298314E-08 -0.129494E-07  0.509317E-10 -0.214924E-06 -0.535656E-07  0.753872E-07
 3.1000
  0.279975E+05  0.171661E-03  0.555308E-01 -0.271797E-04 -0.151465E+04  0.139698E-08
 -0.495911E-04  0.279975E+05 -0.264718E-02  0.151425E+04  0.598907E-03 -0.582077E-10
 -0.231934E-02 -0.881577E-02  0.134876E+06  0.518799E-03 -0.441895E-01 -0.232831E-09
  0.133514E-04 -0.108367E+05  0.645339E-03  0.158216E+04 -0.144005E-03  0.282358E-06
  0.108365E+05  0.381470E-04  0.174730E+00  0.597954E-03  0.158134E+04 -0.151340E-08
  0.640284E-09 -0.132168E-07  0.885848E-09  0.240479E-06  0.120926E-07  0.970894E-07
 3.2000
 -0.267277E+04 -0.264645E-04  0.164824E-01  0.476837E-05 -0.136820E+04  0.727596E-10
  0.188351E-04 -0.267276E+04 -0.953674E-05  0.136784E+04  0.000000E+00  0.476393E-08
  0.422974E-01  0.289917E-03  0.885477E+05  0.346878E+00 -0.122070E-02  0.465661E-09
 -0.610352E-04 -0.670825E+04 -0.127831E-01  0.153775E+07 -0.124207E-01 -0.635628E-07
  0.670814E+04 -0.305176E-04 -0.304840E+00  0.419617E-02  0.153775E+07 -0.279397E-08
  0.200816E-08 -0.339878E-07 -0.233013E-08  0.192048E-06 -0.763757E-07  0.106606E-06
 3.3000
  0.182588E+05  0.104904E-04 -0.294075E-01  0.415802E-03  0.307646E+06  0.116415E-08
 -0.381470E-04  0.182588E+05  0.109036E-01 -0.307645E+06 -0.584030E-02 -0.224791E-07
 -0.120850E-01 -0.546646E-02  0.302522E+05 -0.137711E-01  0.171509E-01  0.698492E-09
 -0.839233E-04 -0.259576E+06  0.215481E+00  0.376538E+07 -0.457764E-01  0.488420E-06
  0.259576E+06 -0.263977E-02  0.867920E-01  0.280762E-02  0.376538E+07 -0.372529E-08
  0.291038E-09 -0.137770E-07 -0.767614E-09  0.322980E-06 -0.713753E-07  0.871906E-07
 3.4000
  0.439149E+05 -0.442505E-03 -0.234146E-01 -0.200272E-02  0.459234E+06  0.209548E-08
 -0.152588E-04  0.439149E+05  0.150185E-01 -0.459234E+06  0.262070E-02 -0.364671E-07
 -0.973892E-02 -0.286102E-04  0.176299E+03  0.233799E-03 -0.426002E+00  0.727596E-11
  0.106812E-02 -0.380799E+06  0.563850E-01  0.387197E+07  0.491638E-01  0.216765E-06
  0.380799E+06  0.170898E-02 -0.154236E+00 -0.242310E-01  0.387197E+07  0.167638E-07
  0.814907E-09 -0.125729E-07  0.397904E-10  0.273328E-06 -0.542041E-07  0.760324E-07
 3.5000
  0.439007E+05  0.762939E-04  0.989914E-02  0.440216E-02  0.348055E+06 -0.232831E-08
  0.534058E-03  0.439007E+05  0.412416E-02 -0.348055E+06  0.185394E-02 -0.588479E-07
  0.491333E-02  0.395775E-03  0.277846E+05  0.172615E-02  0.126984E+00  0.174623E-09
  0.671387E-03 -0.288851E+06  0.427399E-01  0.233199E+07  0.143433E-02  0.265893E-06
  0.288851E+06  0.204468E-02  0.177612E-01  0.476074E-02  0.233199E+07 -0.558794E-08
  0.349246E-09 -0.401706E-07  0.614818E-09  0.495413E-06  0.261389E-07  0.735669E-07
 3.6000
  0.238860E+05 -0.190735E-04 -0.182915E-02  0.370979E-03  0.105881E+06  0.232831E-09
 -0.370026E-03  0.238861E+05 -0.578046E-03 -0.105881E+06  0.839233E-04 -0.412401E-07
  0.246429E-01 -0.327587E-02  0.530631E+05  0.460472E-01  0.247559E+00  0.116415E-09
  0.198364E-03 -0.101001E+06  0.298405E-02  0.452310E+06 -0.923157E-03  0.297092E-06
  0.101001E+06  0.427246E-03 -0.136665E+00 -0.207138E-02  0.452305E+06  0.931323E-08
  0.465661E-09 -0.317104E-07 -0.106456E-08  0.312908E-06  0.256478E-08  0.528325E-07
 3.7000
 -0.326389E+04 -0.941753E-05 -0.148106E-02  0.238419E-04 -0.248855E+05 -0.291038E-10
 -0.882149E-05 -0.326390E+04 -0.170779E-02  0.248856E+05 -0.476837E-05  0.729142E-08
  0.549316E-03  0.207520E-02  0.439432E+05  0.372581E-01  0.222961E+00  0.232831E-09
 -0.839233E-04  0.177646E+05  0.443065E-02  0.198568E+06 -0.559330E-02  0.101863E-07
 -0.177645E+05 -0.221252E-03 -0.277538E-01  0.545406E-02  0.198566E+06 -0.465661E-09
  0.203727E-08  0.739237E-08 -0.364707E-09 -0.157394E-06  0.306536E-07  0.327377E-07
 3.8000
  0.568943E+04 -0.100493E-03  0.156765E-01 -0.575066E-03  0.128502E+06  0.349246E-09
  0.149012E-04  0.568941E+04  0.480914E-02 -0.128502E+06 -0.179291E-03  0.649561E-08
  0.187683E-01 -0.236130E-02  0.150425E+05  0.160522E-01  0.284546E+00  0.232831E-09
  0.267029E-04 -0.883688E+05 -0.464153E-01  0.159790E+07  0.303650E-02 -0.228130E-06
  0.883690E+05 -0.160217E-03  0.233765E+00  0.149384E-01  0.159790E+07 -0.302680E-08
  0.261934E-09  0.113414E-08 -0.143473E-09 -0.176374E-06  0.774583E-08  0.250092E-07
 3.9000
  0.185070E+05 -0.282288E-03  0.214005E-02 -0.238419E-03  0.233439E+06 -0.139698E-08
  0.915527E-04  0.185070E+05  0.201581E-01 -0.233439E+06  0.166702E-02 -0.104192E-07
  0.593948E-02 -0.114679E-03  0.175785E+04  0.425100E-03 -0.119139E+00  0.000000E+00
 -0.375366E-02 -0.156884E+06 -0.845165E-01  0.202552E+07 -0.682068E-02  0.128639E-06
  0.156885E+06 -0.274658E-03 -0.107178E+00  0.386047E-02  0.202552E+07  0.372529E-08
 -0.378350E-09 -0.361615E-08 -0.360387E-10  0.236024E-06  0.364662E-08  0.255002E-07
 4.0000
  0.157607E+05  0.129700E-03 -0.603485E-02 -0.352859E-04  0.155861E+06  0.116415E-09
 -0.743866E-04  0.157607E+05 -0.118457E-01 -0.155861E+06 -0.272369E-02 -0.222208E-07
 -0.418901E-02 -0.106794E-02  0.248890E+05  0.235901E-01 -0.176804E+00 -0.381988E-10
 -0.132751E-02 -0.109861E+06  0.838852E-02  0.110238E+07  0.502777E-02  0.305008E-06
  0.109861E+06 -0.184631E-02  0.795441E-01 -0.263977E-02  0.110238E+07  0.372529E-08
 -0.582077E-10 -0.535147E-08  0.285240E-09  0.568321E-06  0.119562E-07  0.359346E-07
 4.1000
  0.343217E+04 -0.953674E-06 -0.137742E-01 -0.753999E-05  0.100922E+05  0.291038E-09
  0.953674E-06  0.343216E+04  0.475930E-03 -0.100922E+05 -0.106543E-04 -0.275541E-07
  0.169373E-02 -0.236511E-03  0.336078E+05 -0.113010E+00  0.625305E-01  0.116415E-09
 -0.198364E-03 -0.131437E+05  0.741440E-02  0.342452E+05 -0.267029E-03  0.233806E-06
  0.131437E+05 -0.305176E-04 -0.118481E+00 -0.813007E-04  0.342431E+05  0.465661E-09
 -0.203727E-09 -0.139953E-07 -0.665068E-10  0.470784E-06 -0.137552E-07  0.365733E-07
 4.2000
 -0.156022E+04  0.476837E-06 -0.367296E-02  0.517368E-04  0.191801E+05 -0.291038E-10
 -0.238419E-05 -0.156022E+04 -0.276729E-03 -0.191801E+05 -0.247478E-03  0.869841E-08
 -0.135803E-02  0.207329E-02  0.216229E+05  0.582771E-01  0.138870E+00 -0.232831E-09
 -0.112534E-03 -0.884861E+04  0.211067E-01  0.452856E+06 -0.121231E-01 -0.146974E-06
  0.884865E+04  0.896454E-04 -0.661278E-01 -0.963593E-02  0.452853E+06 -0.232831E-09
  0.000000E+00 -0.211276E-08  0.750333E-11  0.647380E-07  0.657610E-08  0.214940E-07
 4.3000
  0.898192E+04 -0.429153E-04  0.989532E-02 -0.990868E-03  0.112104E+06 -0.407454E-09
 -0.524521E-04  0.898193E+04 -0.954986E-03 -0.112104E+06  0.572205E-05  0.833461E-08
  0.146866E-02 -0.145197E-03  0.111364E+04  0.127104E-02  0.365660E+00 -0.145519E-10
 -0.389099E-03 -0.747852E+05 -0.150957E-01  0.106702E+07 -0.121689E-01 -0.486034E-07
  0.747854E+05 -0.587463E-03  0.204620E+00 -0.106430E-01  0.106702E+07  0.931323E-09
 -0.160071E-09 -0.840100E-08 -0.441105E-10  0.330257E-07  0.285127E-09  0.150270E-07
 4.4000
  0.693531E+04 -0.677109E-04  0.205326E-02 -0.301838E-03  0.101958E+06  0.000000E+00
 -0.495911E-04  0.693531E+04  0.452340E-02 -0.101958E+06 -0.199795E-03 -0.135333E-08
 -0.491285E-02 -0.305265E-03  0.907200E+04 -0.630045E-02  0.146984E+00  0.000000E+00
  0.198364E-03 -0.563363E+05  0.635338E-02  0.817927E+06  0.561905E-02  0.228756E-07
  0.563364E+05 -0.143433E-02  0.138756E+00  0.601578E-02  0.817926E+06  0.186265E-08
  0.232831E-09 -0.211185E-08 -0.189573E-10  0.215635E-06  0.712134E-08  0.367355E-07
 4.5000
  0.211082E+04  0.762939E-05 -0.913656E-02  0.162572E-04  0.180364E+05 -0.145519E-09
  0.190735E-04  0.211082E+04  0.102239E-03 -0.180363E+05 -0.353992E-03  0.258296E-09
 -0.216675E-02  0.355244E-03  0.136240E+05 -0.322535E-01  0.545392E-01  0.291038E-10
 -0.190735E-04 -0.136952E+05  0.499815E-03  0.108824E+06 -0.474811E-03 -0.433502E-07
  0.136952E+05  0.953674E-04 -0.100499E+00  0.150836E-02  0.108822E+06  0.000000E+00
  0.000000E+00  0.359432E-08 -0.242366E-09  0.167761E-06 -0.108898E-07  0.486712E-07
 4.6000
  0.858864E+03 -0.631809E-05  0.117576E-01  0.741959E-03  0.501987E+05  0.291038E-10
  0.166893E-05  0.858865E+03  0.263211E-02 -0.501985E+05  0.635386E-03  0.682894E-08
  0.184631E-02 -0.203609E-03  0.763177E+04 -0.301862E-02  0.187237E+00  0.000000E+00
 -0.324249E-04 -0.797404E+04  0.687122E-03  0.514748E+06  0.576401E-02 -0.396285E-07
  0.797406E+04  0.615120E-04  0.929279E-01 -0.756454E-02  0.514748E+06  0.261934E-09
 -0.291038E-10  0.652108E-08 -0.124544E-09  0.622216E-07 -0.257273E-09  0.313680E-07
 4.7000
  0.237640E+04  0.214577E-04  0.551748E-02 -0.909567E-03  0.676115E+05 -0.582077E-10
 -0.247955E-04  0.237639E+04 -0.233221E-02 -0.676114E+05 -0.131607E-03 -0.691216E-09
  0.356579E-02  0.427961E-04  0.539600E+03 -0.127380E-02  0.410407E-01  0.727596E-11
 -0.106812E-03 -0.192191E+05  0.396943E-01  0.569374E+06 -0.380898E-02  0.196451E-07
  0.192191E+05 -0.236511E-03  0.459213E-01 -0.246048E-02  0.569373E+06  0.000000E+00
  0.000000E+00  0.623095E-08  0.632188E-10 -0.771774E-08  0.813823E-08  0.510116E-08
 4.8000
  0.833299E+03  0.283718E-04  0.274386E-03 -0.818782E-04  0.237128E+05  0.291038E-10
  0.131130E-04  0.833297E+03 -0.700781E-04 -0.237129E+05  0.302494E-04  0.440559E-08
 -0.487185E-02  0.615269E-04  0.470872E+04  0.178814E-03 -0.937843E-01  0.909495E-11
 -0.782013E-04 -0.959509E+04 -0.264058E-02  0.153254E+06  0.135660E-02 -0.405562E-07
  0.959517E+04  0.400543E-04 -0.767322E-01  0.141382E-02  0.153252E+06  0.698492E-09
  0.727596E-10  0.140517E-08  0.114824E-10 -0.854979E-08 -0.192358E-08 -0.127517E-07
 4.9000
 -0.539588E+03  0.202656E-05  0.623446E-02  0.508353E-04 -0.553962E+04  0.363798E-10
  0.476837E-05 -0.539589E+03 -0.156737E-04  0.553963E+04 -0.567585E-04 -0.638465E-09
 -0.139999E-02 -0.100136E-04  0.930607E+04  0.520849E-02  0.205002E-01  0.291038E-10
 -0.114441E-04  0.203259E+04 -0.916123E-04 -0.245475E+03 -0.352859E-04  0.221044E-07
 -0.203258E+04 -0.476837E-05  0.118749E+00  0.734329E-04 -0.246759E+03 -0.116415E-09
  0.964064E-10  0.256955E-08  0.924203E-10  0.295924E-07 -0.196428E-08  0.236030E-08
 5.0000
  0.178210E+04 -0.100136E-04  0.281668E-02 -0.572205E-04  0.297957E+05 -0.101863E-09
  0.157356E-04  0.178210E+04  0.753015E-03 -0.297957E+05 -0.309706E-03  0.116052E-08
  0.133514E-04 -0.132322E-04  0.105990E+04  0.207414E-02 -0.190508E-01  0.000000E+00
 -0.143051E-04 -0.127757E+05 -0.186379E-01  0.309981E+06 -0.385284E-03 -0.852742E-08
  0.127757E+05 -0.810623E-04  0.190735E-03  0.448227E-03  0.309981E+06  0.698492E-09
  0.145519E-10 -0.116938E-08  0.166480E-09 -0.101343E-07 -0.817397E-08  0.386936E-08
