Nb de periode :    50
 0.1000
  0.723820E+06  0.160217E-02  0.311279E-01  0.387573E-01 -0.137681E+07  0.279397E-07
  0.370026E-02  0.723820E+06  0.128632E+00  0.137681E+07  0.488281E-02  0.212458E-07
  0.372314E-01  0.204086E-01  0.794370E+07 -0.826263E+01  0.112305E+01  0.465661E-08
 -0.778198E-02  0.112454E+07  0.881958E+00  0.793528E+08 -0.693359E+00 -0.696746E-06
 -0.112454E+07  0.473022E-02  0.585693E+01 -0.156250E+00  0.793529E+08  0.651926E-07
 -0.110595E-07 -0.163527E-07 -0.163709E-09 -0.687069E-06 -0.130967E-07  0.251616E-05
 0.2000
  0.734131E+06  0.244141E-02 -0.237122E+00 -0.314331E-01 -0.145442E+07 -0.232831E-08
  0.350952E-02  0.734130E+06  0.694275E-01  0.145442E+07 -0.219727E-01  0.116415E-08
 -0.244141E-01  0.252533E-01  0.847873E+07 -0.232941E+01  0.273731E+02  0.232831E-08
 -0.274658E-02  0.118360E+07 -0.195435E+01  0.811510E+08  0.356445E+00 -0.933651E-06
 -0.118359E+07  0.625610E-02  0.218457E+02  0.305176E+00  0.811509E+08 -0.651926E-07
 -0.873115E-08  0.151886E-07 -0.673026E-09 -0.742548E-06  0.232831E-07  0.251466E-05
 0.3000
  0.755329E+06  0.630697E-02  0.156250E+00 -0.250244E-01 -0.163344E+07 -0.341485E-07
  0.406901E-02  0.755328E+06  0.563558E-01  0.163344E+07  0.345866E-02 -0.488944E-07
  0.849609E+00 -0.966390E-02  0.957317E+07  0.101662E+02 -0.124577E+02 -0.155220E-07
 -0.691732E-02  0.133095E+07 -0.377299E+01  0.841676E+08  0.180664E+00  0.694611E-06
 -0.133094E+07 -0.183105E-02 -0.208203E+02 -0.317383E+00  0.841674E+08 -0.745058E-07
  0.717894E-08  0.720320E-07  0.994381E-09 -0.249420E-06 -0.228950E-07  0.251618E-05
 0.4000
  0.789293E+06 -0.144958E-02 -0.826416E+00  0.128174E-01 -0.194487E+07  0.325963E-07
  0.797272E-02  0.789293E+06 -0.729370E-01  0.194487E+07 -0.158691E-01  0.130967E-08
 -0.152222E+01  0.488281E-02  0.119306E+08 -0.101123E+02  0.458911E+02 -0.232831E-07
  0.808716E-02  0.160541E+07 -0.865173E+00  0.890974E+08 -0.878906E+00  0.688015E-06
 -0.160539E+07  0.230408E-01  0.719580E+02 -0.886231E+00  0.890972E+08  0.279397E-07
  0.116415E-08  0.232467E-06  0.381988E-09 -0.196251E-06  0.180444E-07  0.252054E-05
 0.5000
  0.847950E+06  0.216675E-02 -0.311035E+00 -0.317383E-02 -0.247256E+07  0.521541E-07
 -0.878906E-02  0.847951E+06 -0.241547E+00  0.247256E+07 -0.322266E-01 -0.607688E-07
  0.133008E+01  0.513916E-01  0.183916E+08 -0.926376E+01 -0.287964E+01 -0.223517E-07
  0.366211E-02  0.202799E+07  0.249951E+01  0.970118E+08  0.310547E+00  0.131316E-05
 -0.202798E+07  0.732422E-02 -0.208242E+02 -0.625000E-01  0.970117E+08  0.447035E-07
  0.162981E-08 -0.148517E-06 -0.130967E-08 -0.703280E-06 -0.330620E-07  0.252137E-05
 0.6000
  0.935811E+06 -0.124105E-01 -0.377197E+00  0.325521E-01 -0.340255E+07 -0.248353E-07
  0.910441E-02  0.935811E+06 -0.305990E+00  0.340255E+07  0.203451E-02 -0.349246E-07
  0.205648E+01  0.254313E-03  0.277660E+08  0.279378E+02 -0.794271E+00  0.000000E+00
  0.651042E-02  0.280136E+07  0.526876E+01  0.110938E+09 -0.341797E+00 -0.223517E-06
 -0.280134E+07 -0.732422E-02  0.330404E+01  0.862630E-01  0.110938E+09 -0.149012E-06
 -0.192085E-07 -0.274813E-06  0.388051E-09 -0.990840E-06  0.116415E-07  0.252174E-05
 0.7000
  0.106691E+07  0.388009E-02  0.136510E+01  0.209263E-01 -0.520878E+07 -0.665230E-07
  0.100272E-02  0.106691E+07  0.569763E+00  0.520878E+07 -0.310407E-01 -0.818233E-07
 -0.162388E+01 -0.130790E-01 -0.133638E+08  0.105762E+02 -0.589286E+01  0.319311E-07
 -0.265067E-01  0.435507E+07 -0.583479E+01  0.137041E+09 -0.553850E+00  0.425747E-07
 -0.435506E+07  0.258092E-01 -0.986468E+01  0.569197E+00  0.137040E+09 -0.468322E-06
 -0.465661E-08 -0.839853E-08 -0.935480E-09 -0.783350E-06  0.997846E-08  0.252482E-05
 0.8000
  0.122624E+07 -0.740051E-02  0.901489E+00 -0.564575E-01 -0.875057E+07 -0.884756E-07
  0.221252E-02  0.122624E+07 -0.130424E+00  0.875058E+07 -0.863647E-01  0.108848E-06
 -0.228271E+00 -0.674438E-01 -0.644132E+07  0.467468E+01 -0.111328E+01  0.232831E-07
 -0.701904E-01  0.728416E+07 -0.456131E+01  0.198156E+09  0.258118E+01  0.840519E-06
 -0.728414E+07  0.170898E-01 -0.258484E+01  0.225037E+01  0.198155E+09  0.298023E-06
  0.238651E-07  0.204091E-07 -0.272848E-09 -0.122836E-05  0.404543E-07  0.252540E-05
 0.9000
  0.859322E+06  0.881619E-02  0.130751E+00  0.931803E-01 -0.986444E+07 -0.372529E-07
  0.488281E-02  0.859320E+06  0.225321E-01  0.986443E+07 -0.142415E+00 -0.129350E-08
 -0.273980E+00 -0.598484E-01 -0.361589E+07 -0.821018E+01  0.868056E-02  0.206961E-08
 -0.933160E-01  0.814152E+07 -0.820923E+01  0.311381E+09  0.233833E+01 -0.827842E-08
 -0.814153E+07  0.781250E-01 -0.354818E+01  0.337023E+01  0.311381E+09  0.662274E-07
  0.750232E-08 -0.371462E-06 -0.808440E-09 -0.293381E-05  0.372529E-07  0.253677E-05
 1.0000
 -0.358714E+06 -0.567627E-02  0.979004E-01  0.108032E+00  0.185454E+08  0.372529E-08
  0.671387E-03 -0.358713E+06 -0.316338E+00 -0.185453E+08 -0.458984E-01 -0.190455E-06
  0.275879E+00  0.567322E-01 -0.209030E+07 -0.859375E-01 -0.399219E+01 -0.651926E-08
  0.312500E-01 -0.155453E+08  0.158594E+01 -0.115812E+09 -0.468750E+00 -0.670552E-07
  0.155453E+08  0.791016E-01  0.150000E+01  0.828125E+00 -0.115812E+09 -0.715256E-06
  0.768341E-08  0.139844E-07 -0.931323E-09  0.497866E-05 -0.884756E-08  0.253694E-05
 1.1000
  0.340021E+06 -0.371933E-02  0.208185E+00  0.274103E-01  0.102001E+08  0.592660E-08
  0.126058E-02  0.340022E+06 -0.179527E+00 -0.102001E+08  0.315163E-01 -0.558794E-07
  0.136469E+00  0.141733E-01 -0.105570E+07  0.963246E-01 -0.147017E+01 -0.317496E-09
 -0.648082E-01 -0.853418E+07 -0.250000E+01 -0.981112E+08  0.706676E+00 -0.132756E-05
  0.853418E+07  0.452770E-01 -0.214489E+01 -0.142045E-01 -0.981112E+08  0.433488E-06
 -0.165098E-07  0.105832E-06 -0.264580E-09  0.114431E-07 -0.150282E-07  0.254703E-05
 1.2000
  0.516907E+06  0.590006E-02 -0.151367E+00  0.539144E-01  0.549520E+07 -0.620882E-08
 -0.427246E-02  0.516907E+06  0.362752E+00 -0.549520E+07  0.115967E-01  0.198391E-06
 -0.160726E-01  0.673930E-02 -0.187078E+06  0.281982E+00  0.134115E+01  0.155220E-08
 -0.866699E-01 -0.457999E+07 -0.441976E+01 -0.618506E+08  0.823568E+00 -0.161740E-05
  0.457999E+07 -0.219727E-01 -0.120443E+01 -0.400391E+00 -0.618506E+08 -0.397364E-06
 -0.232831E-08  0.136060E-06 -0.169772E-09 -0.590492E-06  0.223129E-07  0.256282E-05
 1.3000
  0.510739E+06 -0.636174E-02  0.700496E-01  0.184983E-01  0.286809E+07  0.243577E-07
 -0.309871E-02  0.510739E+06  0.243671E-01 -0.286809E+07  0.387808E-01 -0.902667E-07
 -0.890174E-01 -0.504714E-03  0.667784E+06  0.376728E+00  0.382211E+01  0.214921E-08
 -0.788762E-02 -0.236705E+07  0.180213E+01 -0.393354E+08 -0.231370E+00  0.265069E-06
  0.236705E+07 -0.450721E-02 -0.265024E+01 -0.339543E+00 -0.393354E+08  0.458497E-07
 -0.232831E-08  0.320612E-06  0.537301E-09 -0.234263E-06 -0.703865E-07  0.257530E-05
 1.4000
  0.428055E+06 -0.871931E-03  0.109863E+00  0.566755E-02  0.129555E+07  0.798276E-08
 -0.128610E-02  0.428055E+06  0.504412E-01 -0.129555E+07 -0.261579E-03 -0.146101E-06
  0.911985E-01 -0.142666E-01  0.131930E+07 -0.251116E-01 -0.290737E+01  0.542579E-08
 -0.170898E-01 -0.103803E+07  0.167864E+01 -0.231975E+08  0.454799E+00  0.761024E-06
  0.103803E+07 -0.819615E-02 -0.272321E+01  0.591518E+00 -0.231975E+08  0.159655E-07
  0.226178E-07 -0.211626E-07 -0.174623E-08  0.142062E-05  0.262766E-07  0.259925E-05
 1.5000
  0.313658E+06 -0.329590E-02 -0.186605E+00  0.813802E-03  0.427152E+06  0.192473E-07
 -0.640869E-02  0.313658E+06 -0.343526E-01 -0.427152E+06  0.423177E-02  0.408230E-07
 -0.286458E+00 -0.561320E-01  0.109620E+07 -0.339128E+01 -0.112500E+01  0.248353E-08
  0.120036E-02 -0.312573E+06  0.170898E+01 -0.966822E+07  0.572917E-01 -0.856118E-06
  0.312573E+06  0.449626E-02  0.609375E+00  0.153646E+00 -0.966823E+07 -0.124176E-08
  0.000000E+00 -0.458482E-07 -0.168802E-08  0.273382E-06  0.419095E-07  0.264880E-05
 1.6000
  0.195222E+06  0.166893E-03  0.125885E-01 -0.221252E-02  0.195553E+06 -0.128057E-07
 -0.565052E-03  0.195222E+06  0.365734E-02 -0.195552E+06  0.282288E-02  0.131413E-06
 -0.113525E+00 -0.732422E-02  0.728069E+06  0.150269E+01  0.283203E+00  0.465661E-08
  0.572205E-04 -0.137040E+06 -0.774841E+00  0.276186E+07 -0.781250E-01  0.142027E-06
  0.137039E+06 -0.114441E-02  0.162842E+01  0.244141E-02  0.276187E+07 -0.698492E-08
 -0.130967E-07  0.737418E-07 -0.472937E-09 -0.532473E-06  0.158179E-06  0.270924E-05
 1.7000
  0.117485E+06  0.323127E-03  0.263959E+00 -0.768325E-02  0.750346E+06 -0.219135E-08
 -0.430836E-03  0.117485E+06 -0.320435E-02 -0.750346E+06  0.789867E-03  0.959399E-07
 -0.430836E-03  0.238037E-01  0.703269E+06  0.175781E+00  0.969669E+00 -0.219135E-08
  0.182881E-02 -0.658133E+06  0.280618E+00  0.138137E+08 -0.390625E-01 -0.212663E-06
  0.658133E+06 -0.167398E-02  0.965074E+00 -0.597426E-01  0.138137E+08 -0.186265E-07
 -0.534141E-08  0.399236E-07  0.688220E-08  0.147163E-06  0.563313E-06  0.278667E-05
 1.8000
  0.165686E+06  0.254313E-03  0.226508E-01 -0.221761E-01  0.183718E+07 -0.569142E-08
 -0.288222E-03  0.165686E+06  0.244734E-01 -0.183717E+07 -0.203451E-02 -0.970451E-07
 -0.524224E-01 -0.189082E-01  0.838904E+06  0.317383E+00 -0.911458E-01  0.776102E-09
  0.549316E-02 -0.163622E+07 -0.575087E-01  0.182524E+08  0.195312E-01 -0.856299E-06
  0.163622E+07  0.120714E-01  0.151910E+00  0.175781E+00  0.182524E+08  0.124176E-07
 -0.191439E-07 -0.317717E-07  0.161688E-09 -0.132505E-05 -0.282501E-06  0.256441E-05
 1.9000
  0.303624E+06 -0.425640E-03 -0.113076E+00  0.206877E-01  0.219838E+07  0.232831E-08
 -0.271446E-02  0.303623E+06  0.962107E-02 -0.219838E+07  0.168329E-01  0.110916E-06
 -0.341325E-01  0.617899E-02  0.100682E+07  0.327662E+01 -0.238487E+00 -0.505488E-09
 -0.578228E-02 -0.192570E+07 -0.123278E+01  0.134371E+08 -0.298108E+00 -0.980340E-08
  0.192571E+07 -0.110506E-01 -0.287829E-01 -0.250822E+00  0.134371E+08  0.141169E-06
 -0.833289E-08  0.120582E-06  0.514678E-08 -0.179405E-05 -0.960243E-06  0.210712E-05
 2.0000
  0.362995E+06 -0.115204E-02 -0.548096E-01 -0.561523E-02  0.159993E+07 -0.139698E-07
  0.311279E-02  0.362995E+06 -0.427246E-03 -0.159993E+07  0.207520E-02 -0.163331E-06
 -0.449524E-01 -0.716782E-02  0.119460E+07  0.660059E+01 -0.312500E+00 -0.162981E-08
  0.366211E-03 -0.137526E+07  0.149170E+00  0.889930E+07  0.220703E+00 -0.362750E-06
  0.137526E+07 -0.223389E-01 -0.328125E+00  0.781250E-01  0.889931E+07  0.000000E+00
 -0.931323E-09 -0.892906E-07 -0.104774E-07  0.752028E-06  0.191387E-06  0.232527E-05
 2.1000
  0.350395E+06 -0.281924E-02 -0.146484E-01 -0.267392E-02  0.984409E+06  0.257222E-07
 -0.296456E-02  0.350395E+06 -0.581287E-02 -0.984410E+06  0.453404E-02  0.846506E-07
  0.228446E-01  0.171879E-01  0.138984E+07  0.172154E+01 -0.364583E+00  0.886974E-09
 -0.453404E-02 -0.821081E+06  0.959356E+00  0.851839E+07 -0.130208E-01  0.603142E-07
  0.821080E+06  0.118001E-01 -0.102679E+01  0.210193E+00  0.851840E+07 -0.283832E-07
  0.266092E-08  0.942410E-09 -0.496151E-08  0.137398E-06 -0.232831E-06  0.242938E-05
 2.2000
  0.318709E+06 -0.169927E-02  0.255238E-02 -0.255238E-02  0.581861E+06  0.101599E-07
  0.208074E-02  0.318709E+06  0.131642E-01 -0.581861E+06  0.199751E-02  0.121178E-07
 -0.713002E-01  0.125261E-01  0.152566E+07 -0.375000E+01 -0.213068E-01 -0.539744E-08
  0.163685E-02 -0.456028E+06  0.940163E+00  0.101111E+08  0.958807E-01 -0.625679E-06
  0.456028E+06 -0.119296E-02 -0.114347E+01  0.255682E+00  0.101111E+08 -0.270930E-07
 -0.253997E-08 -0.153562E-06  0.873115E-09  0.736644E-06  0.531277E-07  0.247548E-05
 2.3000
  0.288556E+06  0.234853E-02  0.539232E-01  0.106148E-01  0.401984E+06  0.850338E-08
 -0.243477E-02  0.288556E+06 -0.104689E-01 -0.401984E+06  0.212296E-03 -0.108342E-06
  0.154976E-01 -0.172093E-01  0.154228E+07 -0.238876E+01  0.788043E+00  0.445415E-08
 -0.862453E-03 -0.299779E+06 -0.216542E+00  0.128396E+08 -0.849185E-01 -0.586430E-06
  0.299779E+06 -0.249448E-02  0.190217E+00  0.173234E+00  0.128396E+08  0.566892E-08
  0.283446E-08 -0.319611E-06  0.237892E-08  0.135373E-05  0.111961E-06  0.247632E-05
 2.4000
  0.273877E+06 -0.125567E-03  0.738525E-01 -0.264486E-02  0.445195E+06  0.164922E-07
  0.343323E-03  0.273877E+06 -0.223541E-01 -0.445195E+06 -0.132243E-02  0.362949E-07
 -0.263468E-01  0.120862E-01  0.152411E+07  0.120850E+00 -0.227865E+00  0.000000E+00
  0.117143E-02 -0.344963E+06  0.561117E+00  0.162419E+08 -0.195312E+00  0.146538E-06
  0.344963E+06  0.332753E-02 -0.218099E+00 -0.651042E-02  0.162420E+08  0.146489E-07
 -0.620882E-08  0.370589E-07  0.654836E-09  0.188156E-06 -0.473422E-07  0.245467E-05
 2.5000
  0.291710E+06 -0.401916E-02  0.630859E-01  0.722656E-02  0.718653E+06  0.122003E-07
  0.544739E-02  0.291710E+06  0.342651E-01 -0.718652E+06 -0.585938E-03 -0.117347E-07
 -0.836426E-01 -0.228210E-01  0.153052E+07  0.102734E+00 -0.418750E+00  0.149012E-08
  0.830078E-02 -0.592959E+06  0.215625E+00  0.194946E+08 -0.278125E+00 -0.683870E-06
  0.592960E+06  0.849609E-02 -0.140625E+00 -0.343750E-01  0.194947E+08  0.178814E-07
 -0.149012E-08  0.584871E-07 -0.372529E-09 -0.322494E-06  0.245869E-07  0.242353E-05
 2.6000
  0.335279E+06  0.980084E-03 -0.178410E-01  0.967173E-02  0.950126E+06 -0.161190E-07
 -0.375601E-03  0.335279E+06  0.180406E-01 -0.950126E+06  0.422551E-02 -0.925278E-07
 -0.588050E-01  0.865129E-02  0.156813E+07  0.138972E-01 -0.282452E+00 -0.210443E-08
  0.183105E-02 -0.801690E+06 -0.443209E+00  0.206620E+08  0.354567E+00  0.417841E-06
  0.801690E+06  0.100943E-01  0.306490E+00  0.231370E+00  0.206620E+08  0.859682E-08
 -0.322381E-08 -0.865727E-07 -0.783565E-09  0.438505E-06 -0.214921E-08  0.240109E-05
 2.7000
  0.358287E+06  0.388817E-02  0.126591E-01  0.111220E-01  0.890274E+06  0.000000E+00
  0.768591E-03  0.358287E+06 -0.520720E-01 -0.890274E+06 -0.542535E-02  0.211272E-08
 -0.107252E+00 -0.712077E-03  0.162767E+07  0.193938E+01 -0.102431E+01  0.150909E-08
 -0.709816E-02 -0.749222E+06  0.601490E+00  0.200373E+08  0.266204E+00  0.479804E-06
  0.749222E+06  0.135634E-03 -0.737847E+00  0.578704E-01  0.200373E+08  0.000000E+00
  0.655375E-08  0.444103E-08  0.711427E-09  0.621054E-06  0.831292E-07  0.238664E-05
 2.8000
  0.358054E+06  0.547137E-02 -0.561523E-01  0.183105E-02  0.716276E+06 -0.139698E-07
 -0.241961E-02  0.358054E+06 -0.209263E-01 -0.716275E+06 -0.366211E-02  0.150508E-07
  0.941195E-01  0.880514E-02  0.169806E+07  0.128418E+01  0.781250E+00  0.340931E-08
 -0.627790E-02 -0.589819E+06 -0.217634E+00  0.194380E+08 -0.279018E-01  0.201232E-07
  0.589820E+06  0.392369E-03  0.990513E+00 -0.697545E-01  0.194380E+08 -0.133046E-07
  0.731753E-08  0.140738E-06  0.353404E-09 -0.386353E-06 -0.399138E-08  0.234230E-05
 2.9000
  0.346990E+06  0.196786E-02  0.326643E-01 -0.168373E-02  0.564633E+06 -0.513833E-08
 -0.126280E-03  0.346989E+06 -0.218148E-01 -0.564633E+06  0.673491E-02 -0.402235E-07
 -0.886062E-02  0.624690E-02  0.174809E+07  0.207435E+00 -0.608836E+00 -0.224802E-08
  0.208361E-02 -0.454651E+06 -0.319235E+00  0.195067E+08 -0.118534E+00 -0.459881E-06
  0.454651E+06  0.362002E-02  0.878233E+00  0.293642E+00  0.195067E+08 -0.179842E-07
 -0.610177E-08 -0.182913E-06  0.146523E-08  0.572663E-06 -0.706521E-08  0.236479E-05
 3.0000
  0.338258E+06 -0.564575E-03  0.779622E-01  0.358073E-02  0.507194E+06  0.117968E-07
 -0.459290E-02  0.338258E+06 -0.224813E-02 -0.507194E+06 -0.162760E-03 -0.828101E-07
  0.237223E-01  0.332133E-02  0.175968E+07 -0.452474E+00 -0.427083E+00  0.201787E-08
 -0.508626E-04 -0.404720E+06 -0.638672E+00  0.203514E+08  0.192708E+00  0.236323E-06
  0.404720E+06 -0.130208E-02 -0.625000E-01 -0.411458E+00  0.203514E+08 -0.149012E-07
  0.121072E-07 -0.139660E-06 -0.698492E-09  0.652857E-06 -0.248353E-08  0.239389E-05
 3.1000
  0.341201E+06  0.516830E-03  0.614289E-01 -0.630040E-03  0.567662E+06  0.180256E-08
 -0.214608E-02  0.341201E+06  0.222385E-01 -0.567662E+06 -0.315020E-03 -0.266629E-08
  0.599720E-01 -0.361781E-03  0.176225E+07  0.921119E+00  0.619960E+00 -0.135192E-08
 -0.984438E-05 -0.461805E+06  0.656502E+00  0.218146E+08  0.352823E-01 -0.232831E-08
  0.461805E+06  0.442997E-03 -0.529234E-01 -0.178932E+00  0.218147E+08 -0.300427E-08
 -0.420597E-08  0.384358E-07 -0.488193E-09 -0.123757E-06  0.432614E-07  0.240279E-05
 3.2000
  0.356986E+06 -0.667572E-03  0.930786E-02 -0.183105E-02  0.684538E+06  0.291038E-07
 -0.102997E-02  0.356986E+06  0.132465E-01 -0.684537E+06 -0.152588E-03 -0.170257E-07
 -0.405312E-01 -0.931621E-02  0.177538E+07 -0.440430E+01 -0.502930E+00  0.334694E-08
 -0.698090E-02 -0.566202E+06 -0.186462E+00  0.230623E+08 -0.512695E-01  0.148066E-06
  0.566202E+06  0.858307E-02 -0.219727E+00  0.407715E+00  0.230623E+08 -0.104774E-07
 -0.582077E-09  0.802538E-07 -0.363798E-09 -0.558612E-07 -0.640284E-08  0.240073E-05
 3.3000
  0.370976E+06 -0.242291E-02  0.850793E-01 -0.251539E-02  0.710271E+06 -0.174976E-07
  0.212698E-02  0.370976E+06 -0.145560E-01 -0.710271E+06  0.399503E-02 -0.899573E-07
  0.146993E-01 -0.471606E-02  0.179717E+07  0.147846E+01 -0.511364E+00 -0.283983E-08
 -0.166829E-01 -0.588267E+06 -0.528527E+00  0.232394E+08 -0.946970E-01 -0.313263E-07
  0.588268E+06  0.373609E-02 -0.402462E+00 -0.402462E-01  0.232394E+08 -0.677326E-08
  0.846657E-09 -0.945434E-08 -0.105832E-09  0.955311E-07 -0.228597E-07  0.239777E-05
 3.4000
  0.371477E+06  0.332103E-02  0.449506E-01 -0.746783E-02  0.641162E+06  0.000000E+00
  0.466739E-02  0.371476E+06 -0.987333E-02 -0.641162E+06  0.488281E-02  0.168460E-07
  0.189478E-01  0.817355E-02  0.183115E+07  0.952436E+00  0.505515E+00  0.167775E-08
  0.150793E-02 -0.531558E+06  0.487707E+00  0.230077E+08  0.174632E+00  0.171199E-07
  0.531559E+06 -0.554702E-02  0.111213E+01  0.873162E-01  0.230077E+08  0.986106E-08
  0.109567E-08 -0.490999E-07 -0.650556E-09  0.287974E-06  0.134220E-07  0.240489E-05
 3.5000
  0.367898E+06 -0.183977E-02  0.436663E-01 -0.837054E-02  0.586313E+06 -0.329954E-07
 -0.136893E-02  0.367898E+06 -0.171596E-01 -0.586313E+06 -0.167411E-02  0.873780E-07
  0.122070E-01  0.692095E-03  0.179741E+07 -0.278906E+01 -0.803571E-01  0.731753E-09
 -0.226702E-03 -0.475864E+06  0.162109E+00  0.227958E+08  0.669643E-01  0.485618E-08
  0.475865E+06 -0.620815E-02  0.406250E+00  0.290179E-01  0.227959E+08  0.234161E-07
  0.292701E-08  0.674211E-07  0.166308E-09 -0.450544E-06  0.282058E-07  0.240365E-05
 3.6000
  0.365844E+06  0.305176E-02  0.511339E-01 -0.990126E-02  0.567823E+06 -0.253527E-07
  0.209385E-02  0.365844E+06 -0.263129E-01 -0.567823E+06  0.705295E-02  0.623469E-07
  0.522868E-01 -0.317468E-02  0.181200E+07 -0.857205E-01  0.937500E+00  0.194026E-08
  0.282288E-02 -0.467265E+06  0.492893E+00  0.233347E+08 -0.217014E-01 -0.383783E-06
  0.467265E+06 -0.611199E-02  0.507812E+00  0.217014E-02  0.233347E+08  0.310441E-08
 -0.155220E-08 -0.505275E-07 -0.129350E-09  0.644003E-07  0.439791E-07  0.240308E-05
 3.7000
  0.372212E+06  0.347241E-02  0.306166E-01  0.356313E-02  0.619396E+06 -0.855810E-08
 -0.117946E-02  0.372212E+06 -0.561358E-01 -0.619396E+06 -0.237542E-02  0.195892E-06
  0.341467E-01 -0.132916E-01  0.182260E+07 -0.241343E+01 -0.253378E-01 -0.547467E-08
  0.224345E-02 -0.514084E+06 -0.784153E+00  0.241651E+08 -0.432855E+00 -0.329739E-07
  0.514084E+06  0.230944E-02  0.422297E-02 -0.380068E+00  0.241651E+08  0.312119E-07
 -0.251709E-08  0.137055E-06  0.314636E-10 -0.423358E-06  0.478247E-08  0.240720E-05
 3.8000
  0.380384E+06 -0.265021E-03  0.710578E-01  0.125925E-01  0.646581E+06 -0.490170E-09
 -0.180696E-02  0.380384E+06 -0.886616E-02 -0.646581E+06  0.411184E-02 -0.802040E-07
  0.493421E-01  0.165302E-01  0.183840E+07  0.207442E+01 -0.419408E+00 -0.180750E-08
  0.221654E-02 -0.543848E+06 -0.704153E-01  0.245638E+08 -0.472862E-01 -0.245453E-06
  0.543849E+06 -0.234504E-02 -0.587993E+00  0.108964E+00  0.245638E+08  0.215675E-07
  0.245085E-09 -0.169874E-06 -0.306356E-10  0.344375E-06 -0.955831E-08  0.241201E-05
 3.9000
  0.381355E+06 -0.659649E-02  0.189052E-01  0.175280E-02  0.618197E+06 -0.286561E-08
  0.448374E-02  0.381355E+06 -0.147267E-01 -0.618197E+06  0.287961E-02  0.847145E-07
  0.115834E+00  0.213946E-01  0.186078E+07 -0.185797E+01  0.133814E+01 -0.776102E-09
 -0.892052E-03 -0.524918E+06  0.648788E+00  0.245416E+08 -0.681090E-01 -0.183518E-06
  0.524918E+06  0.735552E-02  0.913462E+00  0.981570E-01  0.245416E+08 -0.267457E-07
  0.477601E-09  0.127311E-06  0.119400E-09 -0.347783E-06  0.501481E-08  0.241989E-05
 4.0000
  0.380533E+06 -0.260925E-02 -0.241699E-01 -0.244141E-03  0.581949E+06  0.558794E-08
  0.289154E-02  0.380533E+06 -0.276642E-01 -0.581949E+06 -0.183105E-02  0.390573E-07
  0.735626E-01  0.180712E-01  0.187710E+07  0.111816E+00  0.217969E+01 -0.814907E-09
 -0.268555E-02 -0.505173E+06  0.117432E+01  0.246130E+08 -0.761719E-01  0.370434E-06
  0.505174E+06  0.607300E-02  0.187891E+01 -0.375000E+00  0.246130E+08 -0.298023E-07
  0.628643E-08  0.631553E-08  0.174623E-09  0.119617E-07 -0.367872E-07  0.242136E-05
 4.1000
  0.381587E+06 -0.343137E-02 -0.364425E-01  0.595465E-03  0.582730E+06 -0.236238E-07
  0.169708E-02  0.381587E+06 -0.250840E-01 -0.582730E+06  0.190549E-02 -0.771748E-07
  0.989961E-01  0.194038E-01  0.188359E+07 -0.275295E+01  0.716463E+00  0.266903E-08
  0.315596E-02 -0.507184E+06 -0.161895E+01  0.249850E+08 -0.800305E-01 -0.202619E-06
  0.507184E+06 -0.742843E-02  0.788872E+00 -0.137195E+00  0.249850E+08  0.199894E-07
 -0.295297E-08 -0.579521E-07  0.283940E-09  0.208852E-06 -0.134020E-07  0.242020E-05
 4.2000
  0.386588E+06 -0.261579E-02  0.183687E-01  0.465030E-02  0.613144E+06 -0.177395E-08
 -0.332787E-02  0.386589E+06 -0.198364E-01 -0.613145E+06  0.592913E-02  0.276625E-07
  0.211734E-01 -0.171498E-01  0.188983E+07  0.225818E+01  0.952381E+00 -0.315984E-08
 -0.435965E-03 -0.528411E+06  0.259975E+01  0.254027E+08 -0.372024E-02 -0.280783E-06
  0.528411E+06 -0.921340E-02  0.725447E+00  0.744048E-02  0.254027E+08 -0.124176E-07
  0.243918E-08 -0.860088E-07  0.332615E-09 -0.167098E-06  0.776102E-08  0.241968E-05
 4.3000
  0.388024E+06 -0.330725E-02  0.111283E-01  0.283884E-02  0.601378E+06 -0.147279E-07
 -0.187364E-02  0.388024E+06 -0.216604E-01 -0.601377E+06  0.374727E-02 -0.290768E-07
  0.451447E-01  0.144346E-01  0.190132E+07 -0.249046E+01  0.588663E+00 -0.676833E-09
  0.144781E-02 -0.524375E+06 -0.425373E+00  0.254812E+08 -0.908430E-02 -0.343344E-06
  0.524375E+06  0.000000E+00  0.519622E+00 -0.234375E+00  0.254813E+08  0.164606E-07
 -0.281563E-08 -0.122940E-06  0.000000E+00  0.364556E-06  0.186265E-07  0.242311E-05
 4.4000
  0.388270E+06  0.280207E-02 -0.117631E-01 -0.388406E-02  0.584652E+06 -0.846657E-09
  0.188654E-02  0.388270E+06 -0.123735E-01 -0.584652E+06 -0.887784E-03 -0.646634E-07
  0.653007E-01  0.182186E-01  0.191401E+07 -0.458984E+00  0.000000E+00  0.354538E-08
  0.818426E-03 -0.516094E+06  0.821200E-02  0.255275E+08  0.745739E-01  0.113611E-06
  0.516094E+06 -0.969627E-02  0.130327E+01 -0.532670E-01  0.255275E+08 -0.101599E-07
  0.000000E+00 -0.114854E-06  0.264580E-10  0.424519E-06 -0.567260E-07  0.242558E-05
 4.5000
  0.389117E+06  0.135634E-03 -0.125868E-01 -0.368924E-02  0.572775E+06  0.223517E-07
 -0.203451E-03  0.389117E+06 -0.100098E-01 -0.572776E+06 -0.412326E-02 -0.826807E-07
 -0.240479E-01 -0.844404E-02  0.191882E+07  0.119358E+00 -0.138889E-01 -0.439791E-08
 -0.142415E-02 -0.513543E+06 -0.544705E-01  0.256714E+08 -0.798611E-01  0.330826E-06
  0.513544E+06 -0.949436E-04  0.635417E+00 -0.902778E-01  0.256715E+08 -0.306302E-07
  0.538097E-08 -0.863284E-07  0.517401E-10  0.460229E-07 -0.366320E-07  0.242425E-05
 4.6000
  0.392129E+06  0.175144E-02 -0.481912E-01 -0.530740E-03  0.625613E+06  0.161969E-08
 -0.111456E-02  0.392130E+06 -0.298542E-02 -0.625614E+06 -0.647503E-02 -0.629655E-07
 -0.540028E-02  0.110071E-01  0.197172E+07 -0.103261E+01  0.461957E+00 -0.182215E-08
  0.849185E-02 -0.534043E+06 -0.134723E+01  0.261638E+08 -0.509511E-01  0.338465E-06
  0.534044E+06  0.111588E-01  0.472147E+00  0.146060E+00  0.261639E+08  0.242954E-08
 -0.911076E-08  0.910823E-07  0.506154E-10 -0.467635E-06  0.141723E-07  0.242256E-05
 4.7000
  0.393200E+06  0.132459E-02  0.727227E-02  0.311669E-03  0.609282E+06 -0.237785E-08
  0.896048E-03  0.393200E+06 -0.194274E-01 -0.609282E+06 -0.197390E-02 -0.747535E-07
  0.193170E-01 -0.476837E-02  0.198411E+07  0.360705E+00 -0.319149E+00  0.891692E-09
  0.216870E-02 -0.535382E+06  0.477892E-01  0.262542E+08 -0.398936E-01  0.156046E-06
  0.535383E+06  0.389586E-03  0.644947E+00 -0.172872E+00  0.262543E+08  0.396307E-08
  0.336861E-07 -0.189955E-06 -0.569692E-09  0.131896E-06  0.891692E-08  0.242336E-05
 4.8000
  0.393583E+06 -0.336965E-02 -0.144450E-01 -0.600179E-02  0.606313E+06 -0.388051E-08
  0.283559E-02  0.393583E+06  0.762431E-01 -0.606313E+06 -0.264486E-02 -0.145034E-07
  0.108973E-01 -0.930627E-03  0.199110E+07 -0.442708E+00  0.106771E+01 -0.257084E-08
 -0.925700E-02 -0.530307E+06 -0.557047E+00  0.263720E+08 -0.748698E-01  0.145083E-06
  0.530307E+06 -0.157674E-02  0.491536E+00  0.257161E+00  0.263720E+08 -0.287158E-07
 -0.426856E-08  0.654836E-09  0.169772E-09 -0.235135E-06 -0.258054E-07  0.243013E-05
 4.9000
  0.395542E+06 -0.216737E-02 -0.597895E-02 -0.189334E-02  0.614826E+06  0.136847E-07
 -0.179369E-02  0.395542E+06  0.268181E-01 -0.614827E+06 -0.568001E-02 -0.163932E-07
 -0.185970E-01 -0.975239E-02  0.199418E+07  0.644531E+00  0.829082E-01  0.665230E-09
 -0.340053E-02 -0.535556E+06 -0.172971E+01  0.265606E+08 -0.146684E+00  0.194247E-06
  0.535556E+06 -0.823352E-02  0.120217E+01 -0.191327E-01  0.265606E+08  0.608211E-08
  0.106437E-07 -0.238770E-07 -0.356373E-09 -0.963396E-07 -0.214774E-07  0.243330E-05
 5.0000
  0.396565E+06 -0.683594E-03 -0.193359E-01 -0.859375E-02  0.614102E+06  0.245869E-07
  0.280762E-03  0.396565E+06  0.548584E-01 -0.614102E+06 -0.195313E-03 -0.447966E-07
  0.306641E-01  0.100098E-02  0.200171E+07 -0.208789E+01  0.656250E+00 -0.265427E-08
 -0.104858E-01 -0.540702E+06 -0.677344E+00  0.267157E+08 -0.318750E+00  0.985339E-07
  0.540703E+06  0.512695E-02  0.136563E+01 -0.100000E+00  0.267157E+08  0.119209E-07
  0.104308E-07 -0.239816E-08 -0.162981E-09 -0.119279E-06 -0.147149E-07  0.243112E-05
