   32257.10      -1.570327       723820.4       34.03595      3.7002563E-03
 -2.3655593E-07  3.7231445E-02  2.1972656E-03 -7.7819824E-03  4.6566129E-08
  -1124539.      -10.96226     -1.1059456E-08 -3.8163916E-17   66683.68    
  -1.568666       734130.6       314.1433      3.5095215E-03 -5.0067902E-06
 -2.4414062E-02 -6.3896179E-04 -2.7465820E-03  7.3760748E-07  -1183590.    
  -150.0502     -8.7311491E-09  1.2143064E-16   106497.9      -1.564862    
   755328.9       1356.533      4.0690103E-03  1.3828278E-05  0.8496093    
 -3.0960083E-02 -6.9173174E-03 -2.9802322E-06  -1330938.      -1023.477    
  7.1789445E-09  1.6653345E-16   156637.6      -1.556353       789293.2    
   4617.003      7.9727173E-03 -1.5974045E-05  -1.522217      6.1157227E-02
  8.0871582E-03  3.4093857E-05  -1605392.      -5446.101      1.1641532E-09
  7.9491969E-14   227557.5      -1.536818       847950.1       14583.87    
 -8.7890625E-03  2.8610229E-06   1.330078      0.1394043      3.6621094E-03
 -2.1743774E-04  -2027983.      -26154.96      1.6298145E-09  1.3145041E-13
   337030.0      -1.491302       935811.1       44922.66      9.1044102E-03
  3.8337708E-04   2.056478       2.722656      6.5104165E-03  9.8419189E-04
  -2801339.      -121103.4     -1.9208528E-08 -4.2632564E-14   529143.0    
  -1.389700       1066913.       135869.3      1.0027204E-03  1.0375977E-03
  -1.623884      0.3728638     -2.6506698E-02  3.1433105E-03  -4355058.    
  -544957.6     -4.6566129E-09  2.8421709E-14   923587.7      -1.160199    
   1226238.       413439.1      2.2125244E-03 -7.0190430E-04 -0.2282715    
 -0.3098145     -7.0190430E-02 -4.8828125E-04  -7284142.      -2608777.    
  2.3865141E-08  2.0463631E-12   2016820.     -0.4734645       859322.4    
   1357919.      4.8828125E-03  9.3994141E-03 -0.2739801     -0.1088867    
 -9.3315974E-02 -5.7617188E-02  -8141527.     -1.5103453E+07  7.5023205E-09
  5.1159077E-13   1776589.       1.092659      -358714.3       259295.1    
  6.7138672E-04 -2.9907227E-03  0.2758789     -0.1450195      3.1250000E-02
 -3.9062500E-03  1.5545306E+07  -7758422.      7.6834112E-09  1.8872015E-11
   898101.2       1.760540       340021.4       29108.35      1.2605840E-03
  3.3855438E-05  0.1364691      3.3203125E-02 -6.4808235E-02 -2.8961182E-02
   8534185.       1680974.     -1.6509809E-08 -1.1141310E-11   634149.9    
   2.128933       516907.2       217009.1     -4.2724609E-03  5.0354004E-04
 -1.6072590E-02 -0.1396484     -8.6669922E-02  1.1962891E-02   4579988.    
   3162293.     -2.3283064E-09  4.5474735E-11   544785.4       2.395101    
   510738.8       404024.1     -3.0987081E-03  6.4086914E-04 -8.9017428E-02
 -0.1906738     -7.8876205E-03 -1.0498047E-02   2367054.       3173948.    
 -2.3283064E-09  9.5496944E-11   509024.9       2.593862       428055.1    
   536353.2     -1.2860979E-03 -1.5563965E-03  9.1198511E-02  0.3588867    
 -1.7089844E-02 -6.7138672E-03   1038032.       2553874.      2.2617835E-08
  1.1277734E-09   471466.9       2.758948       313657.7       592159.9    
 -6.4086914E-03 -4.4250488E-03 -0.2864583      0.1340332      1.2003580E-03
  5.6152344E-03   312573.0       1482889.      0.0000000E+00 -1.7171260E-09
   395065.8       2.921435       195221.9       543480.7     -5.6505203E-04
  6.1035156E-04 -0.1135254     -3.4118652E-02  5.7220459E-05 -1.4495850E-04
   137039.0       106764.0     -1.3096724E-08  1.6589183E-09   250239.8    
   3.053183       117485.2       347072.7     -4.3083637E-04  3.3569336E-04
 -4.3083637E-04 -6.0791016E-02  1.8288107E-03  6.9580078E-03   658132.6    
  -1194752.     -5.3414086E-09 -1.2689270E-08   89651.09       2.514717    
   165686.3       77666.80     -2.8822158E-04 -3.2043457E-04 -5.2422419E-02
 -0.1562500      5.4931641E-03 -2.6855469E-03   1636216.      -1146169.    
 -1.9143853E-08 -3.9115548E-08   152035.2       1.483844       303623.6    
   11149.71     -2.7144584E-03  9.5367432E-05 -3.4132507E-02  0.1054688    
 -5.7822783E-03 -2.9907227E-03   1925706.       589429.8     -8.3328864E-09
 -2.3865141E-08   171585.4       1.445819       362994.7       134782.7    
  3.1127930E-03 -4.8446655E-04 -4.4952393E-02  3.1616211E-02  3.6621094E-04
  1.4953613E-02   1375262.       1791850.     -9.3132257E-10 -9.4587449E-11
   127058.5       1.164731       350395.0       226910.6     -2.9645648E-03
 -3.0517578E-05  2.2844588E-02  0.1046143     -4.5340406E-03 -1.7578125E-02
   821080.1       1899342.      2.6609217E-09 -4.4474291E-10   106320.2    
  0.5922624       318708.6       258660.2      2.0807439E-03  1.5563965E-03
 -7.1300156E-02  5.4931641E-03  1.6368519E-03  9.0332031E-03   456028.2    
   1487407.     -2.5399707E-09 -3.0559022E-09   113918.2      0.1473733    
   288555.8       229369.8     -2.4347720E-03  2.4414062E-03  1.5497623E-02
 -2.7099609E-02 -8.6245331E-04 -9.0332031E-03   299778.8       840274.7    
  2.8344600E-09  1.2980308E-08   101652.1     -4.2968940E-02   273876.7    
   146457.9      3.4332275E-04 -1.2969971E-03 -2.6346842E-02 -1.8676758E-02
  1.1714299E-03 -8.5449219E-04   344963.1       142270.9     -6.2088170E-09
 -3.7834980E-09   52201.36     -0.4374660       291709.7       37056.09    
  5.4473877E-03 -3.1280518E-04 -8.3642580E-02 -7.7758789E-02  8.3007812E-03
 -6.1035156E-04   592959.8      -230800.1     -1.4901161E-09  1.1699740E-08
   46669.11      -1.843639       335278.9       2735.441     -3.7560097E-04
  2.1934509E-05 -5.8805026E-02 -2.4536133E-02  1.8310548E-03 -2.5939941E-03
   801690.4       142110.0     -3.2238090E-09 -9.0221874E-10   67818.28    
  -2.453895       358287.2       49156.21      7.6859083E-04 -3.2043457E-04
 -0.1072523     -6.6345215E-02 -7.0981625E-03 -3.5400391E-03   749222.2    
   682317.0      6.5537513E-09  0.0000000E+00   85453.38      -2.883854    
   358054.2       94199.73     -2.4196079E-03  9.1552734E-05  9.4119482E-02
  1.7257690E-02 -6.2779021E-03  6.7138672E-04   589820.0       869792.5    
  7.3175346E-09 -4.6566129E-09   95215.38      -3.141453       346989.5    
   107218.5     -1.2627963E-04  4.7302246E-04 -8.8606207E-03  4.0466309E-02
  2.0836138E-03  2.5024414E-03   454651.1       696320.2     -6.1017684E-09
  6.9849193E-10   85938.44       3.033660       338258.4       78759.91    
 -4.5928955E-03 -3.6621094E-04  2.3722330E-02  8.0333710E-02 -5.0862629E-05
  1.8920898E-03   404720.2       335950.3      1.2107193E-08 -2.9831426E-09
   50261.23       3.079115       341200.9       27997.49     -2.1460750E-03
 -4.9591064E-05  5.9971966E-02 -2.3193359E-03 -9.8443807E-06  1.3351440E-05
   461805.3       10836.55     -4.2059729E-09  6.4028427E-10   8313.151    
  -1.442030       356986.2      -2672.769     -1.0299683E-03  1.8835068E-05
 -4.0531158E-02  4.2297363E-02 -6.9808960E-03 -6.1035156E-05   566201.7    
   6708.142     -5.8207661E-10  2.0081643E-09   44124.13     -0.3473803    
   370975.9       18258.83      2.1269827E-03 -3.8146973E-05  1.4699301E-02
 -1.2084961E-02 -1.6682943E-02 -8.3923340E-05   588267.9       259576.3    
  8.4665691E-10  2.9103830E-10   62848.98     -0.3809022       371476.7    
   43914.91      4.6673943E-03 -1.5258789E-05  1.8947825E-02 -9.7389221E-03
  1.5079273E-03  1.0681152E-03   531558.9       380799.0      1.0956736E-09
  8.1490725E-10   62532.98     -0.4562643       367897.7       43900.70    
 -1.3689314E-03  5.3405762E-04  1.2207031E-02  4.9133301E-03 -2.2670200E-04
  6.7138672E-04   475865.2       288851.3      2.9270137E-09  3.4924597E-10
   41612.60     -0.3328645       365844.1       23886.04      2.0938450E-03
 -3.7002563E-04  5.2286785E-02  2.4642944E-02  2.8228760E-03  1.9836426E-04
   467265.4       101000.7     -1.5522044E-09  4.6566129E-10   11351.23    
  0.8415926       372211.8      -3263.891     -1.1794631E-03 -8.8214874E-06
  3.4146696E-02  5.4931641E-04  2.2434543E-03 -8.3923340E-05   514084.2    
  -17764.50     -2.5170881E-09  2.0372681E-09   28857.00       2.280951    
   380383.6       5689.431     -1.8069618E-03  1.4901161E-05  4.9342107E-02
  1.8768311E-02  2.2165398E-03  2.6702881E-05   543849.2       88368.95    
  2.4508490E-10  2.6193447E-10   37480.05       2.318072       381355.0    
   18506.97      4.4837366E-03  9.1552734E-05  0.1158338      5.9394836E-03
 -8.9205225E-04 -3.7536621E-03   524918.2       156884.6      4.7760129E-10
 -3.7834980E-10   31534.14       2.275387       380533.1       15760.66    
  2.8915405E-03 -7.4386597E-05  7.3562622E-02 -4.1890144E-03 -2.6855469E-03
 -1.3275146E-03   505173.5       109861.1      6.2864274E-09 -5.8207661E-11
   12115.72       2.573276       381587.0       3432.167      1.6970751E-03
  9.5367432E-07  9.8996051E-02  1.6937256E-03  3.1559642E-03 -1.9836426E-04
   507184.2       13143.72     -2.9529741E-09 -2.0372681E-10   14648.40    
  -1.248182       386588.5      -1560.217     -3.3278693E-03 -2.3841858E-06
  2.1173388E-02 -1.3580322E-03 -4.3596543E-04 -1.1253357E-04   528411.3    
   8848.648      2.4391782E-09  0.0000000E+00   22215.35      -1.078223    
   388024.0       8981.922     -1.8736373E-03 -5.2452087E-05  4.5144722E-02
  1.4686584E-03  1.4478107E-03 -3.8909912E-04   524375.4       74785.37    
 -2.8156262E-09 -1.6007107E-10   17737.35      -1.240700       388270.5    
   6935.308      1.8865411E-03 -4.9591064E-05  6.5300681E-02 -4.9128532E-03
  8.1842596E-04  1.9836426E-04   516094.1       56336.42      0.0000000E+00
  2.3283064E-10   6838.407      -1.267259       389116.9       2110.821    
 -2.0345052E-04  1.9073486E-05 -2.4047852E-02 -2.1667480E-03 -1.4241537E-03
 -1.9073486E-05   513543.8       13695.17      5.3809748E-09  0.0000000E+00
   7417.533       1.777918       392129.4       858.8637     -1.1145551E-03
  1.6689301E-06 -5.4002847E-03  1.8463135E-03  8.4918477E-03 -3.2424927E-05
   534044.0       7974.065     -9.1107646E-09 -2.9103830E-11   11368.94    
   1.874368       393199.7       2376.395      8.9604809E-04 -2.4795532E-05
  1.9316979E-02  3.5657883E-03  2.1686961E-03 -1.0681152E-04   535382.9    
   19219.11      3.3686138E-08  0.0000000E+00   5087.937       2.202200    
   393583.0       833.2991      2.8355916E-03  1.3113022E-05  1.0897318E-02
 -4.8718452E-03 -9.2569981E-03 -7.8201294E-05   530307.0       9595.170    
 -4.2685615E-09  7.2759576E-11   3105.042      -1.583277       395541.7    
  -539.5878     -1.7936862E-03  4.7683716E-06 -1.8597038E-02 -1.3999939E-03
 -3.4005300E-03 -1.1444092E-05   535556.2      -2032.582      1.0643686E-08
  9.6406438E-11   6872.550      -1.451802       396565.4       1782.097    
  2.8076171E-04  1.5735626E-05  3.0664062E-02  1.3351440E-05 -1.0485840E-02
 -1.4305115E-05   540702.6       12775.66      1.0430813E-08  1.4551915E-11
  9.5309922E-04  -2.304876      1.6021729E-03  1.1734664E-07   723820.1    
   34.03418      2.0408630E-02 -2.8687716E-04   1124540.       10.94157    
  4.7302246E-03 -1.0617077E-07 -1.6352715E-08 -5.4972971E-12  4.1970424E-03
  -3.094312      2.4414062E-03 -4.8279762E-06   734130.4       314.1467    
  2.5253296E-02 -4.9954653E-04   1183597.       150.0970      6.2561035E-03
  6.4820051E-07  1.5188562E-08  3.9489348E-10  1.1303456E-02  0.3054216    
  6.3069658E-03  5.0067902E-06   755328.3       1356.533     -9.6638994E-03
  1.0986328E-03   1330949.       1023.524     -1.8310546E-03  3.0398369E-06
  7.2031980E-08  5.3704169E-10  2.7655385E-02  7.3725052E-02 -1.4495850E-03
  1.0108948E-04   789292.6       4616.998      4.8828125E-03 -1.1619568E-02
   1605406.       5446.220      2.3040771E-02  2.7894974E-05  2.3246685E-07
  1.4630590E-09  5.9708100E-02  -1.710787      2.1667480E-03 -2.2029877E-04
   847950.8       14583.87      5.1391602E-02 -9.6649170E-02   2027994.    
   26155.01      7.3242188E-03  1.0871887E-04 -1.4851685E-07 -3.6869756E-09
  0.3512567       1.552246     -1.2410481E-02 -2.5177002E-04   935811.1    
   44922.73      2.5431314E-04  0.8325195       2801364.       121104.6    
 -7.3242183E-03  6.3323975E-04 -2.7481292E-07 -8.9911190E-09  0.3374985    
  -2.925523      3.8800922E-03  1.6098022E-03   1066913.       135869.3    
 -1.3078962E-02  3.2730103E-03   4355074.       544959.9      2.5809152E-02
 -1.4343262E-03 -8.3985343E-09  3.2390428E-09  0.1375464       2.723008    
 -7.4005127E-03  2.3498535E-03   1226238.       413439.7     -6.7443848E-02
 -0.1210022       7284162.       2608788.      1.7089844E-02 -1.2207031E-03
  2.0409061E-08 -1.0997987E-08  0.1182592     -0.1044447      8.8161891E-03
 -3.1738281E-03   859320.2       1357921.     -5.9848364E-02  1.3916016E-02
   8141520.      1.5103482E+07  7.8125000E-02 -7.8125000E-03 -3.7146191E-07
 -3.8626467E-07  2.6395164E-02  -2.273529     -5.6762695E-03  7.9345703E-04
  -358712.8       259293.1      5.6732178E-02 -8.6700439E-02 -1.5545306E+07
   7758387.      7.9101563E-02  5.4687500E-02  1.3984391E-08 -2.0468109E-07
  7.8943260E-03 -0.3144157     -3.7193298E-03 -2.4080276E-04   340021.8    
   29108.61      1.4173334E-02  1.3519287E-02  -8534181.      -1680978.    
  4.5276988E-02  8.3618164E-03  1.0583211E-07  1.1550051E-07  4.6605449E-02
   1.954707      5.9000649E-03  6.4849854E-04   516907.3       217009.2    
  6.7392983E-03 -1.6296387E-02  -4579990.      -3162293.     -2.1972656E-02
 -2.0751953E-02  1.3606041E-07  1.6377157E-08  0.1027286      -3.063682    
 -6.3617416E-03 -1.2207031E-04   510739.1       404024.2     -5.0471380E-04
  2.0217896E-03  -2367052.      -3173947.     -4.5072115E-03  2.0263672E-02
  3.2061229E-07  4.9511630E-07  7.4472898E-03 -1.6391974E-02 -8.7193080E-04
 -4.3334961E-03   428054.9       536353.2     -1.4266628E-02 -1.4007568E-02
  -1038031.      -2553872.     -8.1961500E-03  3.9428711E-02 -2.1162643E-08
  5.3053782E-08  7.8769505E-02 -2.9448848E-02 -3.2958984E-03  6.1035156E-05
   313657.7       592159.8     -5.6132000E-02 -4.6386719E-03  -312572.7    
  -1482890.      4.4962564E-03 -3.2958984E-03 -4.5848235E-08  5.0506151E-07
  5.9442140E-02  0.2835887      1.6689301E-04  1.2207031E-03   195221.8    
   543480.2     -7.3242188E-03 -5.7285309E-02  -137039.8      -106762.1    
 -1.1444092E-03  1.4343262E-03  7.3741830E-08  3.9435690E-09  3.2093700E-02
 -0.4569499      3.2312729E-04 -3.1127930E-03   117485.2       347072.5    
  2.3803711E-02 -1.3565063E-02  -658133.0       1194752.     -1.6739789E-03
 -4.0283203E-03  3.9923606E-08 -1.3408862E-07  2.4014832E-02   1.522488    
  2.5431317E-04 -1.0681152E-04   165686.2       77666.92     -1.8908184E-02
  3.8360596E-02  -1636215.       1146172.      1.2071398E-02  2.4414062E-04
 -3.1771684E-08  2.0576408E-07  9.0513304E-03   1.394562     -4.2563991E-04
 -1.3351440E-04   303623.4       11149.77      6.1789942E-03 -2.5985718E-02
  -1925705.      -589430.1     -1.1050575E-02  2.4414063E-04  1.2058176E-07
  3.8562575E-08  1.2527375E-03  0.4036923     -1.1520386E-03 -2.5444031E-03
   362994.7       134782.7     -7.1678162E-03 -5.1879883E-04  -1375262.    
  -1791851.     -2.2338867E-02 -5.2856445E-02 -8.9290552E-08  1.5529940E-07
  1.5629414E-02  -2.748078     -2.8192431E-03  2.4414062E-04   350395.2    
   226910.8      1.7187936E-02 -5.1498413E-03  -821080.7      -1899343.    
  1.1800131E-02  2.1972656E-03  9.4240982E-10  1.2941547E-07  1.4739305E-02
  -3.086697     -1.6992742E-03  1.8615723E-03   318708.8       258660.4    
  1.2526078E-02 -4.5623779E-03  -456028.1      -1487407.     -1.1929598E-03
 -7.2021484E-03 -1.5356238E-07  3.6860001E-08  4.8902994E-03   1.177325    
  2.3485266E-03  4.8828125E-04   288555.9       229369.9     -1.7209260E-02
 -1.2138367E-02  -299778.8      -840274.8     -2.4944805E-03  2.5634766E-03
 -3.1961068E-07  1.0617077E-07  3.1544387E-03  0.2743130     -1.2556711E-04
 -8.6975098E-04   273876.7       146457.9      1.2086232E-02 -9.6244812E-03
  -344962.8      -142270.9      3.3275285E-03 -1.5716553E-03  3.7058875E-08
 -5.2074029E-08  2.8646782E-03  0.4788341     -4.0191649E-03 -2.6702881E-04
   291709.7       37056.06     -2.2821045E-02 -2.2026062E-02  -592959.4    
   230800.6      8.4960936E-03  6.7138672E-04  5.8487057E-08 -2.1319283E-07
  7.4244477E-03  -2.677026      9.8008383E-04 -1.3351440E-05   335279.0    
   2735.460      8.6512938E-03  3.6468506E-03  -801689.9      -142110.6    
  1.0094277E-02  1.4953613E-03 -8.6572705E-08 -6.6902430E-09  4.4610566E-03
   1.521180      3.8881653E-03 -1.8692017E-04   358287.3       49156.18    
 -7.1207678E-04 -9.1171265E-03  -749222.0      -682316.2      1.3563367E-04
  9.6130371E-03  4.4410289E-09  6.5600034E-08  6.2624644E-03  -2.318282    
  5.4713660E-03 -6.6375732E-04   358054.1       94199.83      8.8051390E-03
  2.6893616E-04  -589819.3      -869792.9      3.9236888E-04 -9.3383789E-03
  1.4073781E-07 -2.7983333E-08  2.3655675E-03   2.943565      1.9678576E-03
  8.3923340E-04   346989.4       107218.4      6.2468955E-03  3.1661987E-04
  -454650.9      -696320.6      3.6200162E-03  1.2634277E-02 -1.8291254E-07
 -7.8653102E-08  4.1842638E-03 -0.4167432     -5.6457520E-04  3.6621094E-04
   338258.3       78759.91      3.3213298E-03  2.8204918E-03  -404720.3    
  -335949.9     -1.3020834E-03 -4.5776367E-03 -1.3965958E-07 -1.2949386E-08
  4.2161886E-03 -0.1893219      5.1682995E-04  1.7166138E-04   341200.8    
   27997.51     -3.6178099E-04 -8.8157654E-03  -461804.9      -10836.74    
  4.4299712E-04  3.8146973E-05  3.8435832E-08 -1.3216777E-08  5.7580450E-04
   2.582993     -6.6757202E-04 -2.6464462E-05   356986.3      -2672.765    
 -9.3162060E-03  2.8991699E-04  -566201.6      -6708.249      8.5830688E-03
 -3.0517578E-05  8.0253812E-08 -3.3987817E-08  3.3895662E-03  -2.104460    
 -2.4229109E-03  1.0490417E-05   370975.8       18258.79     -4.7160638E-03
 -5.4664612E-03  -588266.8      -259576.2      3.7360915E-03 -2.6397705E-03
 -9.4543351E-09 -1.3777026E-08  7.1264425E-04  -1.841743      3.3210304E-03
 -4.4250488E-04   371476.4       43914.89      8.1735495E-03 -2.8610229E-05
  -531558.3      -380799.0     -5.5470183E-03  1.7089844E-03 -4.9099871E-08
 -1.2572855E-08  7.6940656E-04  -1.102714     -1.8397740E-03  7.6293945E-05
   367897.5       43900.70      6.9209508E-04  3.9577484E-04  -475864.4    
  -288851.3     -6.2081474E-03  2.0446777E-03  6.7421105E-08 -4.0170562E-08
  8.2652265E-04  0.5649593      3.0517578E-03 -1.9073486E-05   365843.9    
   23886.08     -3.1746759E-03 -3.2758713E-03  -467265.0      -101000.9    
 -6.1119930E-03  4.2724609E-04 -5.0527486E-08 -3.1710442E-08  8.8205340E-04
 -0.4520427      3.4724055E-03 -9.4175339E-06   372211.6      -3263.901    
 -1.3291642E-02  2.0751953E-03  -514083.8       17764.63      2.3094383E-03
 -2.2125244E-04  1.3705544E-07  7.3923729E-09  6.6024024E-04  -1.962032    
 -2.6502108E-04 -1.0049343E-04   380383.8       5689.411      1.6530188E-02
 -2.3612976E-03  -543848.4      -88368.83     -2.3450351E-03 -1.6021729E-04
 -1.6987447E-07  1.1341399E-09  5.7630974E-04  -3.022164     -6.5964917E-03
 -2.8228760E-04   381354.8       18506.98      2.1394582E-02 -1.1467934E-04
  -524917.9      -156884.5      7.3555186E-03 -2.7465820E-04  1.2731060E-07
 -3.6161509E-09  1.2969971E-04   1.080839     -2.6092529E-03  1.2969971E-04
   380533.1       15760.67      1.8071175E-02 -1.0679364E-03  -505172.8    
  -109861.2      6.0729980E-03 -1.8463135E-03  6.3155312E-09 -5.3514668E-09
  9.8479050E-04  0.8924257     -3.4313668E-03 -9.5367432E-07   381586.9    
   3432.160      1.9403784E-02 -2.3651123E-04  -507183.5      -13143.69    
 -7.4284254E-03 -3.0517578E-05 -5.7952118E-08 -1.3995304E-08  8.4428996E-04
  -1.715888     -2.6157924E-03  4.7683716E-07   386588.7      -1560.221    
 -1.7149789E-02  2.0732880E-03  -528411.0      -8848.609     -9.2134029E-03
  8.9645386E-05 -8.6008754E-08 -2.1127562E-09  4.9269071E-04   1.387826    
 -3.3072536E-03 -4.2915344E-05   388024.2       8981.933      1.4434637E-02
 -1.4519691E-04  -524375.0      -74785.25      0.0000000E+00 -5.8746338E-04
 -1.2293999E-07 -8.4010026E-09  3.2154526E-04   1.487655      2.8020684E-03
 -6.7710876E-05   388270.4       6935.310      1.8218648E-02 -3.0526519E-04
  -516093.9      -56336.26     -9.6962666E-03 -1.4343262E-03 -1.1485429E-07
 -2.1118467E-09  6.9181889E-04   1.681301      1.3563369E-04  7.6293945E-06
   389117.0       2110.820     -8.4440447E-03  3.5524368E-04  -513543.4    
  -13695.15     -9.4943578E-05  9.5367432E-05 -8.6328427E-08  3.5943231E-09
  4.6996700E-04 -5.6849249E-02  1.7514436E-03 -6.3180923E-06   392129.5    
   858.8649      1.1007060E-02 -2.0360947E-04  -534043.4      -7974.038    
  1.1158819E-02  6.1511993E-05  9.1082335E-08  6.5210770E-09  2.8070048E-04
  -2.086887      1.3245929E-03  2.1457672E-05   393199.7       2376.394    
 -4.7683716E-03  4.2796135E-05  -535381.8      -19219.11      3.8958612E-04
 -2.3651123E-04 -1.8995513E-07  6.2309482E-09  2.5494338E-04   1.305857    
 -3.3696492E-03  2.8371811E-05   393583.2       833.2970     -9.3062717E-04
  6.1526895E-05  -530306.7      -9595.093     -1.5767415E-03  4.0054321E-05
  6.5483619E-10  1.4051693E-09  4.5311876E-04  0.1734530     -2.1673709E-03
  2.0265579E-06   395541.9      -539.5885     -9.7523900E-03 -1.0013580E-05
  -535556.4       2032.595     -8.2335174E-03 -4.7683716E-06 -2.3877019E-08
  2.5695499E-09  1.4411846E-04   3.101878     -6.8359374E-04 -1.0013580E-05
   396565.3       1782.099      1.0009765E-03 -1.3232231E-05  -540702.4    
  -12775.68      5.1269531E-03 -8.1062317E-05 -2.3981557E-09 -1.1693828E-09
   75397.25       3.141452      3.1127930E-02 -7.8976154E-04  0.1286316    
 -5.9045851E-07   7943700.      -90.51725      0.8819580      1.0151416E-07
   5.856934     -2.2903599E-02 -1.6370905E-10  3.8163916E-17   321144.5    
   3.141523     -0.2371216     -2.6416779E-04  6.9427490E-02 -2.4884939E-05
   8478730.       87.41692      -1.954346      1.0333955E-05   21.84570    
 -5.8212042E-02 -6.7302608E-10  1.3877788E-16   812328.8      -3.137987    
  0.1562500      4.5137405E-03  5.6355793E-02 -2.3430586E-04   9573168.    
   11353.15      -3.772990     -4.8577785E-05  -20.82031     -0.2240677    
  9.9438080E-10  4.4408921E-16   1788063.      -3.119338     -0.8264160    
 -0.1323967     -7.2937012E-02  5.6028366E-05  1.1930649E+07   110275.1    
 -0.8651733     -6.4754486E-04   71.95801       2.875423      3.8198777E-10
 -3.8857806E-15   4293437.      -3.024406     -0.3110352     -0.1160202    
 -0.2415466      2.2926331E-03  1.8391594E+07   1100859.       2.499512    
 -3.0040741E-03  -20.82422      -3.642319     -1.3096724E-09 -1.3322676E-15
  1.5783812E+07  -2.193333     -0.3771972      -1.086426     -0.3059896    
  8.3007812E-03  2.7766036E+07  2.3422308E+07   5.268758     -1.3870239E-02
   3.304036      -21.30396      3.8805106E-10  9.2370556E-14   7848278.    
 -0.7241716       1.365095      8.5449219E-04  0.5697632      3.8192749E-02
 -1.3363803E+07   8137635.      -5.834786     -0.1251221      -9.864676    
   5.274902     -9.3548025E-10  8.5265128E-14   4345086.     -0.5551261    
  0.9014893      8.0810547E-02 -0.1304245     -0.1038666      -6441324.    
   3105999.      -4.561310      0.6363525      -2.584839       1.326172    
 -2.7284841E-10  3.4106051E-13   3081037.     -0.5049205      0.1307509    
 -1.6113281E-02  2.2532146E-02  0.4698486      -3615893.       1739735.    
  -8.209229      -3.252441      -3.548177     -0.4375000     -8.0843976E-10
  3.8653525E-12   2364992.     -0.4554088      9.7900391E-02  0.1655884    
 -0.3163376     -4.1118622E-02  -2090300.       1010203.       1.585938    
   8.147034       1.500000       6.788086     -9.3132257E-10 -1.8189894E-12
   1855474.     -0.3724940      0.2081854      0.2188721     -0.1795266    
 -7.9872131E-02  -1055698.       492378.8      -2.500000      -6.034668    
  -2.144886       3.064453     -2.6458027E-10 -1.3642421E-12   1423082.    
 -0.2131151     -0.1513672     -9.0820312E-02  0.3627523      2.3452759E-02
  -187078.2       113016.4      -4.419759     -0.2910156      -1.204427    
  -2.996094     -1.6977234E-10 -5.4569682E-12   1003348.      0.1017625    
  7.0049584E-02 -0.1447754      2.4367113E-02 -0.1853485       667784.4    
   25563.21       1.802133       1.966187      -2.650240      -2.757812    
  5.3730148E-10 -1.8189894E-12   547844.2      0.7557999      0.1098633    
  0.2900391      5.0441198E-02 -0.1392059       1319299.       691931.8    
   1.678641      0.2548828      -2.723214       3.070312     -1.7462298E-09
  5.5479177E-11   221077.5       1.997652     -0.1866048     -6.0302734E-02
 -3.4352619E-02  1.0971069E-02   1096201.       1550810.       1.708984    
 -7.0983887E-02  0.6093750      0.7421875     -1.6880222E-09 -5.8207661E-11
   164759.9       3.006381      1.2588501E-02  2.3193359E-02  3.6573410E-03
  3.5270691E-02   728069.3       1378606.     -0.7748413      3.5476685E-04
   1.628418       1.130249     -4.7293724E-10  4.1472958E-10   153512.7    
   3.003423      0.2639591      0.1106567     -3.2043457E-03  1.1402130E-02
   703268.8       899856.2      0.2806181      4.3457031E-02  0.9650735    
 -0.7543945      6.8821997E-09  8.5856300E-10   177515.8       2.790933    
  2.2650825E-02  3.9093018E-02  2.4473403E-02 -4.1294098E-03   838904.4    
   507106.6     -5.7508681E-02  0.3371429      0.1519097       3.328857    
  1.6168795E-10  2.3806933E-08   202430.0       2.781390     -0.1130757    
  2.3757935E-02  9.6210679E-03 -8.9855194E-03   1006820.       224668.3    
  -1.232782     -0.2135620     -2.8782895E-02  -1.634766      5.1467826E-09
 -2.1827873E-10   195479.8       2.930110     -5.4809570E-02  2.5268555E-02
 -4.2724609E-04  2.8862000E-02   1194598.       44925.37      0.1491699    
 -4.6386719E-02 -0.3281250      -1.140625     -1.0477379E-08 -9.3132257E-10
   158033.1      -3.032413     -1.4648438E-02  2.3132324E-02 -5.8128722E-03
 -7.8353882E-03   1389844.       7111.257      0.9593564      0.3287354    
  -1.026786      0.6000977     -4.9615103E-09 -1.4597390E-09   96012.78    
  -2.419027      2.5523792E-03  0.1019287      1.3164173E-02  2.2918701E-02
   1525655.       172922.6      0.9401633      8.9935303E-02  -1.143466    
  0.1435547      8.7311491E-10  5.5297278E-10   68408.08      -1.558490    
  5.3923234E-02 -4.0893555E-03 -1.0468856E-02  1.8423080E-02   1542275.    
   354490.9     -0.2165421     -3.6209106E-02  0.1902174     -0.6330566    
  2.3789219E-09  7.8944140E-09   76505.07      -1.107887      7.3852539E-02
  2.7732849E-02 -2.2354126E-02  2.0475388E-03   1524108.       350005.8    
  0.5611165     -3.6382675E-03 -0.2180990     -0.5865402      6.5483619E-10
  2.3283064E-09   93244.80     -0.9020431      6.3085936E-02 -8.5960388E-02
  3.4265138E-02  2.4845123E-02   1530518.       241622.1      0.2156250    
  2.5144577E-02 -0.1406250      0.3235779     -3.7252904E-10 -3.5652192E-10
   101423.9     -0.7206872     -1.7841047E-02  8.0074310E-02  1.8040584E-02
  9.7966194E-04   1568130.       121448.7     -0.4432091      0.6499329    
  0.3064904      0.1110840     -7.8356471E-10  3.8709231E-09   94611.49    
 -0.4393938      1.2659144E-02 -1.6937256E-03 -5.2072030E-02 -1.0219574E-02
   1627668.       31141.38      0.6014901      4.8065186E-02 -0.7378472    
  0.3811035      7.1142697E-10  1.9535946E-09   76184.57      9.5891394E-02
 -5.6152344E-02  1.4328003E-02 -2.0926340E-02 -1.9887924E-02   1698057.    
   985.0021     -0.2176339      0.3379669      0.9905134      0.2100830    
  3.5340367E-10  4.6748028E-10   67169.59      0.9469364      3.2664333E-02
 -2.1423340E-02 -2.1814806E-02  5.9909821E-03   1748092.       66052.02    
 -0.3192349     -0.3107452      0.8782327      0.4188232      1.4652273E-09
  5.5297278E-10   76467.72       1.573782      7.7962242E-02  1.2596130E-02
 -2.2481282E-03 -1.2414932E-02   1759684.       137640.4     -0.6386719    
 -0.1124554     -6.2500000E-02 -0.3121033     -6.9849193E-10  5.0931703E-11
   84325.47       1.859949      6.1428934E-02  5.5530787E-02  2.2238456E-02
 -2.6471764E-03   1762250.       134876.1      0.6565020      6.4533949E-04
 -5.2923389E-02  0.1747303     -4.8819332E-10  8.8584784E-10   79156.34    
   2.088033      9.3078613E-03  1.6482353E-02  1.3246536E-02 -9.5367432E-06
   1775383.       88547.69     -0.1864624     -1.2783051E-02 -0.2197266    
 -0.3048401     -3.6379788E-10 -2.3301254E-09   60631.70       2.429787    
  8.5079312E-02 -2.9407501E-02 -1.4555960E-02  1.0903597E-02   1797167.    
   30252.24     -0.5285275      0.2154808     -0.4024621      8.6791992E-02
 -1.0583211E-10 -7.6761353E-10   42835.39      -3.090741      4.4950597E-02
 -2.3414612E-02 -9.8733334E-03  1.5018463E-02   1831153.       176.2988    
  0.4877068      5.6385040E-02   1.112132     -0.1542358     -6.5055616E-10
  3.9790393E-11   43732.43      -2.204438      4.3666296E-02  9.8991394E-03
 -1.7159598E-02  4.1241646E-03   1797408.       27784.60      0.1621094    
  4.2739868E-02  0.4062500      1.7761230E-02  1.6630761E-10  6.1481842E-10
   48411.79      -1.756713      5.1133897E-02 -1.8291473E-03 -2.6312934E-02
 -5.7804585E-04   1812004.       53063.05      0.4928928      2.9840469E-03
  0.5078125     -0.1366653     -1.2935036E-10 -1.0645635E-09   40669.75    
  -1.490978      3.0616554E-02 -1.4810562E-03 -5.6135848E-02 -1.7077923E-03
   1822597.       43943.21     -0.7841533      4.4306517E-03  4.2229728E-03
 -2.7753830E-02  3.1463599E-11 -3.6470738E-10   24396.28      -1.057247    
  7.1057774E-02  1.5676498E-02 -8.8661592E-03  4.8091412E-03   1838400.    
   15042.49     -7.0415296E-02 -4.6415329E-02 -0.5879934      0.2337646    
 -3.0635612E-11 -1.4347279E-10   19045.86      0.3017826      1.8905248E-02
  2.1400452E-03 -1.4726687E-02  2.0158052E-02   1860783.       1757.846    
  0.6487880     -8.4516525E-02  0.9134615     -0.1071777      1.1940032E-10
 -3.6038728E-11   28667.31       1.068257     -2.4169922E-02 -6.0348511E-03
 -2.7664185E-02 -1.1845708E-02   1877098.       24889.02       1.174316    
  8.3885193E-03   1.878906      7.9544067E-02  1.7462298E-10  2.8524028E-10
   26868.59       1.259744     -3.6442455E-02 -1.3774171E-02 -2.5083961E-02
  4.7593005E-04   1883593.       33607.83      -1.618950      7.4144006E-03
  0.7888719     -0.1184807      2.8393982E-10 -6.6506800E-11   16645.63    
   1.394811      1.8368676E-02 -3.6729574E-03 -1.9836426E-02 -2.7672946E-04
   1889831.       21622.89       2.599749      2.1106720E-02  0.7254465    
 -6.6127777E-02  3.3261521E-10  7.5033313E-12   7031.651       2.685734    
  1.1128270E-02  9.8953247E-03 -2.1660382E-02 -9.5498562E-04   1901322.    
   1113.644     -0.4253725     -1.5095711E-02  0.5196221      0.2046204    
  0.0000000E+00 -4.4110493E-11   15817.12      -2.255744     -1.1763139E-02
  2.0532608E-03 -1.2373490E-02  4.5233965E-03   1914010.       9071.998    
  8.2120029E-03  6.3533783E-03   1.303267      0.1387558      2.6458027E-11
 -1.8957280E-11   12885.44      -1.982298     -1.2586806E-02 -9.1365576E-03
 -1.0009766E-02  1.0223873E-04   1918819.       13623.98     -5.4470487E-02
  4.9981475E-04  0.6354167     -0.1004989      5.1740143E-11 -2.4236613E-10
   6764.419      -2.275580     -4.8191238E-02  1.1757612E-02 -2.9854153E-03
  2.6321113E-03   1971723.       7631.772      -1.347232      6.8712234E-04
  0.4721467      9.2927933E-02  5.0615359E-11 -1.2454393E-10   587.4262    
  -2.754842      7.2722742E-03  5.5174828E-03 -1.9427361E-02 -2.3322105E-03
   1984112.       539.5997      4.7789231E-02  3.9694309E-02  0.6449468    
  4.5921326E-02 -5.6969202E-10  6.3218764E-11   7388.415      8.4161118E-02
 -1.4444986E-02  2.7438626E-04  7.6243080E-02 -7.0078066E-05   1991102.    
   4708.717     -0.5570475     -2.6405752E-03  0.4915364     -7.6732159E-02
  1.6977234E-10  1.1482371E-11   8967.549      0.3331203     -5.9789540E-03
  6.2344596E-03  2.6818100E-02 -1.5673693E-05   1994181.       9306.072    
  -1.729711     -9.1612339E-05   1.202168      0.1187489     -3.5637343E-10
  9.2420294E-11   1813.764      0.4325057     -1.9335937E-02  2.8166771E-03
  5.4858398E-02  7.5301528E-04   2001707.       1059.897     -0.6773437    
 -1.8637896E-02   1.365625      1.9073486E-04 -1.6298145E-10  1.6648016E-10
  9.1123424E-02 -1.1052050E-02  3.8757324E-02 -1.2516975E-06   1376812.    
   20.44002      -8.262634     -9.8228455E-05  7.9352824E+07   6.544785    
 -0.1562500      8.9406967E-07 -6.8706868E-07 -6.6852490E-10  4.2751849E-02
   3.105894     -3.1433105E-02  1.0967255E-05   1454418.       242.9644    
  -2.329407     -5.3405762E-05  8.1150952E+07   112.4502      0.3051758    
 -3.4570694E-06 -7.4254785E-07  1.5596713E-09  0.2756663       3.138936    
 -2.5024412E-02  4.7683716E-06   1633442.       1483.249       10.16622    
 -1.5731812E-02  8.4167560E+07   1111.400     -0.3173828      7.5340271E-05
 -2.4941983E-07  2.3702582E-09  0.7828417       3.033340      1.2817383E-02
 -3.8146973E-06   1944868.       7320.218      -10.11230     -0.1121216    
  8.9097448E+07   8494.333     -0.8862305      1.2969971E-04 -1.9625077E-07
 -3.8226284E-09   3.196068      -2.975760     -3.1738281E-03 -1.1444092E-04
   2472562.       33491.61      -9.263763     -0.6286621      9.7011832E+07
   59070.64     -6.2500000E-02 -1.8463135E-03 -7.0327951E-07 -7.8435249E-09
   4.511899       2.767115      3.2552082E-02  1.4495850E-03   3402553.    
   149892.1       27.93782      -20.56836      1.1093782E+08   399272.9    
  8.6263016E-02  9.7656250E-04 -9.9083991E-07 -2.1463599E-08   10.45349    
   2.989007      2.0926340E-02 -1.2573242E-02   5208778.       666340.1    
   10.57617       1.927246      1.3704062E+08   2670747.      0.5691965    
  9.1064453E-02 -7.8335040E-07 -2.8090312E-09   1.665329       2.992978    
 -5.6457520E-02  2.9541016E-02   8750584.       3141810.       4.674683    
  0.4697266      1.9815552E+08  1.9802536E+07   2.250366      8.7890625E-03
 -1.2283635E-06 -7.7822079E-08   4.257390      0.5746900      9.3180344E-02
 -4.4433594E-02   9864427.      1.8126220E+07  -8.210178     -0.5422363    
  3.1138138E+08  2.0151922E+08   3.370226       1.039062     -2.9338116E-06
 -4.2992874E-06  0.9410548       2.524661      0.1080322      8.1817627E-02
 -1.8545346E+07   9430183.     -8.5937500E-02   1.756348     -1.1581210E+08
  2.8182211E+08  0.8281250       1.627930      4.9786613E-06 -3.2658884E-06
   1.816707       2.936976      2.7410334E-02 -4.3029785E-03 -1.0200120E+07
  -1862980.      9.6324570E-02  7.1044922E-02 -9.8111168E+07  1.0300665E+08
 -1.4204545E-02 -0.9667969      1.1443097E-08  4.8828974E-07   1.592368    
   1.576009      5.3914387E-02 -7.4462891E-03  -5495200.      -3648416.    
  0.2819824      4.8706055E-02 -6.1850624E+07  5.2740204E+07 -0.4003906    
 -0.2617188     -5.9049245E-07 -1.2200207E-06   1.715992      0.5675451    
  1.8498348E-02 -5.3710938E-03  -2868093.      -3685017.      0.3767278    
  6.5612793E-03 -3.9335372E+07  2.8897556E+07 -0.3395433     -5.4687500E-02
 -2.3426345E-07  1.7062039E-06  0.9060845       2.454522      5.6675505E-03
 -2.9418945E-02  -1295547.      -2980072.     -2.5111608E-02 -0.7964783    
 -2.3197516E+07  1.4058579E+07  0.5915179     -1.8554688E-02  1.4206204E-06
 -1.3020599E-07  0.4053414      -2.131566      8.1380206E-04 -8.4228516E-03
  -427152.0      -1767637.      -3.391276     -0.3269043      -9668222.    
   4411251.      0.1536458      1.5136719E-02  2.7338197E-07  5.5854071E-06
  0.6732500      -1.975379     -2.2125244E-03 -3.4179688E-03  -195552.5    
  -191827.1       1.502686     -0.4343262       2761861.      -36466.85    
  2.4414062E-03 -1.1291504E-03 -5.3247277E-07  7.6883953E-07   1.067782    
   2.968795     -7.6832487E-03  2.1972656E-02  -750346.1       1315122.    
  0.1757812     -0.3654785      1.3813697E+07   4483013.     -5.9742644E-02
  0.1051025      1.4716265E-07 -7.0188980E-07  0.4745086      0.3574308    
 -2.2176107E-02  8.5754395E-03  -1837171.       1312472.      0.3173828    
  -1.638550      1.8252442E+07  1.9250758E+07  0.1757812     -0.2330322    
 -1.3250490E-06  2.9092189E-06  0.5772581       1.245569      2.0687707E-02
 -6.4010620E-03  -2198378.      -577822.8       3.276624     -9.8480225E-02
  1.3437125E+07  2.9373806E+07 -0.2508224      0.2187500     -1.7940521E-06
 -1.8911178E-06  0.3777650     -0.2544619     -5.6152344E-03 -7.9956055E-03
  -1599932.      -1932099.       6.600586     -5.0735474E-02   8899300.    
  2.5109290E+07  7.8125000E-02 -6.3964844E-02  7.5202843E-07 -1.3736944E-06
  0.2529499       2.371850     -2.6739212E-03 -2.1606445E-02  -984410.1    
  -2057376.       1.721540      9.2563629E-03   8518390.      1.6645575E+07
  0.2101935     -0.1635742      1.3739781E-07 -1.6055087E-06  0.1353182    
  -1.707893     -2.5523792E-03 -5.2795410E-03  -581861.4      -1626114.    
  -3.750000      0.2300568      1.0111064E+07   9073638.      0.2556818    
  2.8320313E-02  7.3664438E-07  1.1565135E-08  0.2213379      -2.400374    
  1.0614810E-02 -4.3640137E-03  -401984.4      -922670.4      -2.388757    
 -0.2137756      1.2839551E+07   3340344.      0.1732337     -2.9907227E-02
  1.3537331E-06  9.0338654E-07  0.1648088      0.1960519     -2.6448567E-03
  1.1825562E-03  -445195.1      -161107.5      0.1208496     -0.4959412    
  1.6241943E+07   145663.4     -6.5104165E-03 -1.2969971E-04  1.8815625E-07
  2.1828237E-07  4.1360166E-02   1.640487      7.2265626E-03  1.8711090E-03
  -718651.6       257141.5      0.1027344     -9.6771240E-02  1.9494642E+07
   1672960.     -3.4375001E-02 -1.9653320E-02 -3.2249372E-07 -1.0279109E-07
  3.5146605E-02  0.7091913      9.6717253E-03 -4.9591064E-04  -950126.4    
  -145723.5      1.3897236E-02 -0.1425323      2.0661994E+07   6940314.    
  0.2313702     -0.1574707      4.3850520E-07  5.3326085E-07  0.2868083    
  -1.555261      1.1121961E-02 -8.9874268E-03  -890273.5      -731745.7    
   1.939381      3.3473969E-02  2.0037292E+07   9314273.      5.7870369E-02
  6.7138672E-03  6.2105420E-07 -3.5286757E-07  9.4856441E-02  -3.052761    
  1.8310547E-03 -1.2374878E-02  -716275.4      -941376.6       1.284180    
  3.1723976E-03  1.9438044E+07   7980927.     -6.9754466E-02  3.5766602E-02
 -3.8635335E-07  4.9005303E-07  3.4133416E-02 -0.7596331     -1.6837284E-03
 -4.2190552E-03  -564633.2      -769143.1      0.2074353      2.1186829E-02
  1.9506680E+07   4844363.      0.2936422     -1.4648438E-02  5.7266300E-07
  2.2602762E-08  4.7353927E-02   2.482302      3.5807292E-03  2.3689270E-03
  -507193.9      -367428.2     -0.4524740     -0.2260132      2.0351374E+07
   1562051.     -0.4114583      4.7454834E-03  6.5285712E-07 -2.1492360E-07
  6.8319090E-02   2.472555     -6.3004036E-04 -2.7179718E-05  -567661.6    
   1514.248      0.9211190      5.1879883E-04  2.1814648E+07   1582.161    
 -0.1789315      5.9795380E-04 -1.2375700E-07  2.4047949E-07  2.1841746E-02
  -2.492712     -1.8310547E-03  4.7683716E-06  -684537.2       1367.841    
  -4.404297      0.3468781      2.3062310E+07   1537754.      0.4077148    
  4.1961670E-03 -5.5861165E-08  1.9204845E-07  1.0245513E-02  -2.634639    
 -2.5153882E-03  4.1580200E-04  -710271.3      -307645.3       1.478456    
 -1.3771057E-02  2.3239378E+07   3765384.     -4.0246211E-02  2.8076172E-03
  9.5531121E-08  3.2298044E-07  4.8712194E-02   2.596043     -7.4678306E-03
 -2.0027161E-03  -641162.2      -459233.7      0.9524356      2.3379922E-04
  2.3007698E+07   3871971.      8.7316170E-02 -2.4230957E-02  2.8797385E-07
  2.7332766E-07  3.4678623E-02   2.941824     -8.3705354E-03  4.4021606E-03
  -586313.3      -348054.6      -2.789062      1.7261505E-03  2.2795838E+07
   2331988.      2.9017856E-02  4.7607422E-03 -4.5054392E-07  4.9541268E-07
  2.5405154E-02  -2.799515     -9.9012591E-03  3.7097931E-04  -567823.2    
  -105881.0     -8.5720487E-02  4.6047211E-02  2.3334688E+07   452309.9    
  2.1701390E-03 -2.0713806E-03  6.4400311E-08  3.1290756E-07  2.3396468E-02
  -3.092986      3.5631333E-03  2.3841858E-05  -619395.8       24885.57    
  -2.413429      3.7258148E-02  2.4165112E+07   198568.1     -0.3800676    
  5.4540634E-03 -4.2335847E-07 -1.5739442E-07  1.8626450E-02  0.6353500    
  1.2592517E-02 -5.7506561E-04  -646581.2      -128502.4       2.074424    
  1.6052246E-02  2.4563772E+07   1597900.      0.1089638      1.4938354E-02
  3.4437491E-07 -1.7637426E-07  3.3106185E-02   1.207130      1.7528045E-03
 -2.3841858E-04  -618197.1      -233439.1      -1.857973      4.2510033E-04
  2.4541618E+07   2025524.      9.8157048E-02  3.8604736E-03 -3.4778330E-07
  2.3602445E-07  1.0492857E-02   2.084216     -2.4414062E-04 -3.5285950E-05
  -581949.2      -155861.3      0.1118164      2.3590088E-02  2.4613038E+07
   1102376.     -0.3750000     -2.6397705E-03  1.1961674E-08  5.6832096E-07
  8.0561973E-03  -2.235702      5.9546495E-04 -7.5399876E-06  -582729.6    
  -10092.24      -2.752954     -0.1130104      2.4985006E+07   34245.21    
 -0.1371951     -8.1300735E-05  2.0885193E-07  4.7078379E-07  1.4206331E-02
  -1.680573      4.6502980E-03  5.1736832E-05  -613144.6      -19180.12    
   2.258185      5.8277130E-02  2.5402724E+07   452856.2      7.4404767E-03
 -9.6359253E-03 -1.6709757E-07  6.4737975E-08  8.6112972E-03 -0.1294924    
  2.8388444E-03 -9.9086761E-04  -601377.2      -112103.8      -2.490461    
  1.2710392E-03  2.5481240E+07   1067019.     -0.2343750     -1.0643005E-02
  3.6455592E-07  3.3025657E-08  5.9591043E-03  -1.200038     -3.8840554E-03
 -3.0183792E-04  -584651.7      -101957.5     -0.4589844     -6.3004494E-03
  2.5527452E+07   817927.2     -5.3267043E-02  6.0157776E-03  4.2451904E-07
  2.1563457E-07  2.2277173E-03   2.918420     -3.6892360E-03  1.6257167E-05
  -572775.5      -18036.33      0.1193576     -3.2253504E-02  2.5671448E+07
   108823.6     -9.0277776E-02  1.5083551E-03  4.6022858E-08  1.6776080E-07
  4.8656398E-03  -2.042859     -5.3074048E-04  7.4195862E-04  -625613.5    
  -50198.53      -1.032609     -3.0186176E-03  2.6163850E+07   514748.2    
  0.1460598     -7.5645447E-03 -4.6763529E-07  6.2221609E-08  7.4191811E-03
 -0.1094790      3.1166890E-04 -9.0956688E-04  -609282.3      -67611.39    
  0.3607048     -1.2737960E-03  2.6254236E+07   569374.1     -0.1728723    
 -2.4604797E-03  1.3189609E-07 -7.7177411E-09  1.6814335E-03   2.141180    
 -6.0017901E-03 -8.1878155E-05  -606313.0      -23712.87     -0.4427083    
  1.7881393E-04  2.6372028E+07   153254.2      0.2571614      1.4138222E-03
 -2.3513469E-07 -8.5497902E-09  7.1801059E-03   2.984349     -1.8933354E-03
  5.0835311E-05  -614826.9       5539.634      0.6445312      5.2084923E-03
  2.6560636E+07  -245.4754     -1.9132653E-02  7.3432922E-05 -9.6339619E-08
  2.9592393E-08  1.5184137E-03  -1.447065     -8.5937502E-03 -5.7220459E-05
  -614101.8      -29795.70      -2.087891      2.0741373E-03  2.6715678E+07
   309981.3     -0.1000000      4.4822693E-04 -1.1927914E-07 -1.0134272E-08
   64847.31       1.570938      -1376812.      -20.45123      4.8828125E-03
 -7.0035458E-07   1.123047      6.7306519E-02 -0.6933594     -1.1920929E-07
  7.9352872E+07   6.397184     -1.3096724E-08 -3.8857806E-16   161291.0    
   1.571482      -1454417.      -242.9554     -2.1972656E-02  2.3841858E-06
   27.37305     -0.1570740      0.3564453     -7.3909760E-06  8.1150896E+07
   112.0680      2.3283064E-08 -1.9428903E-15   336137.9       1.572850    
  -1633444.      -1483.262      3.4586587E-03 -7.6293945E-06  -12.45768    
  0.1752930      0.1806641      2.9563904E-05  8.4167448E+07   1110.649    
 -2.2895012E-08  8.4376950E-15   664770.3       1.576199      -1944871.    
  -7320.201     -1.5869141E-02 -7.6293945E-05   45.89111      0.4619141    
 -0.8789062     -1.2207031E-04  8.9097232E+07   8493.051      1.8044375E-08
 -9.7699626E-15   1293366.       1.584511      -2472559.      -33491.59    
 -3.2226562E-02 -1.7547607E-04  -2.879639       1.210938      0.3105469    
 -5.3405762E-04  9.7011656E+07   59068.41     -3.3061951E-08 -1.4210855E-14
   2546224.       1.605832      -3402551.      -149891.9      2.0345051E-03
  1.3122559E-03 -0.7942708       8.578125     -0.3417969      4.0893555E-03
  1.1093750E+08   399269.6      1.1641531E-08 -1.5631940E-12   5232720.    
   1.660229      -5208776.      -666339.6     -3.1040737E-02 -1.1413574E-02
  -5.892857       2.160156     -0.5538505      2.6367188E-02  1.3704035E+08
   2670742.      9.9784563E-09  3.1604941E-11  1.1922355E+07   1.807905    
  -8750573.      -3141804.     -8.6364746E-02  4.8828125E-02  -1.113281    
   1.890625       2.581177      7.1289062E-02  1.9815512E+08  1.9802456E+07
  4.0454324E-08  2.5465852E-11  3.3477954E+07   2.368164      -9864441.    
 -1.8126194E+07 -0.1424154      9.2773438E-03  8.6805560E-03   3.054688    
   2.338325      -1.656250      3.1138118E+08  2.0151869E+08  3.7252903E-08
 -6.0936145E-11  3.6385984E+07  -2.525767      1.8545362E+07  -9430227.    
 -4.5898438E-02  4.8828125E-04  -3.992188       6.019531     -0.4687500    
  -4.846680     -1.1581167E+08  2.8182262E+08 -8.8475645E-09  8.1854523E-12
  2.1119568E+07  -2.082518      1.0200130E+07   1862976.      3.1516336E-02
 -1.0681152E-03  -1.470170       2.564453      0.7066761     -9.5703125E-02
 -9.8111184E+07  1.0300687E+08 -1.5028160E-08 -6.5483619E-11  1.5228521E+07
  -1.946809       5495200.       3648416.      1.1596680E-02 -1.3793945E-02
   1.341146     -0.4345703      0.8235677      8.0078125E-02 -6.1850636E+07
  5.2740196E+07  2.2312935E-08  0.0000000E+00  1.2063935E+07  -1.876725    
   2868092.       3685020.      3.8780801E-02  1.7456055E-02   3.822115    
   1.191650     -0.2313702     -6.3476562E-02 -3.9335404E+07  2.8897550E+07
 -7.0386498E-08  1.1496013E-09   9902082.      -1.815614       1295547.    
   2980070.     -2.6157923E-04 -2.3193359E-03  -2.907366       1.632568    
  0.4547991      0.1083984     -2.3197502E+07  1.4058588E+07  2.6276602E-08
  7.2541297E-09   8094824.      -1.732381       427152.5       1767635.    
  4.2317710E-03 -1.2207031E-03  -1.125000      -3.421875      5.7291668E-02
 -3.4179688E-03  -9668228.       4411264.      4.1909516E-08  1.7054845E-08
   6322081.      -1.591560       195552.7       191823.1      2.8228760E-03
 -7.9345703E-03  0.2832031      -2.531250     -7.8125000E-02 -7.6293945E-05
   2761873.      -36483.61      1.5817932E-07  8.5914508E-08   4341990.    
  -1.350614       750346.4      -1315125.      7.8986672E-04  3.5552979E-02
  0.9696691      -1.974609     -3.9062500E-02  7.0922852E-02  1.3813694E+07
   4483017.      5.6331317E-07  8.2433689E-07   2258003.     -0.9887154    
   1837177.      -1312475.     -2.0345054E-03  1.7807007E-02 -9.1145836E-02
  0.9931641      1.9531250E-02 -3.3203125E-02  1.8252440E+07  1.9250790E+07
 -2.8250119E-07 -4.8661605E-08   708622.7     -0.4579777       2198378.    
   577822.5      1.6832855E-02 -1.5716553E-03 -0.2384868     -0.7465820    
 -0.2981085      2.5390625E-02  1.3437122E+07  2.9373844E+07 -9.6024257E-07
  4.0476152E-07   385040.0      0.7138873       1599931.       1932098.    
  2.0751953E-03 -3.8757324E-03 -0.3125000      -1.317871      0.2207031    
  3.4179688E-03   8899311.      2.5109286E+07  1.9138679E-07  2.0567677E-07
   753332.3      0.9607481       984409.2       2057375.      4.5340406E-03
 -6.8359375E-03 -0.3645833      0.8049622     -1.3020834E-02 -0.1982422    
   8518402.      1.6645543E+07 -2.3283066E-07  1.8939318E-08   1105923.    
   1.066870       581860.6       1626113.      1.9975142E-03  1.0925293E-02
 -2.1306818E-02  -1.378906      9.5880680E-02  7.3242188E-03  1.0111080E+07
   9073642.      5.3127717E-08  2.9761577E-07   1282360.       1.214792    
   401984.1       922670.1      2.1229620E-04 -3.8757324E-03  0.7880435    
 -8.7402344E-02 -8.4918477E-02  3.8085938E-02  1.2839557E+07   3340341.    
  1.1196117E-07  2.4319161E-07   1210448.       1.481930       445195.3    
   161106.9     -1.3224283E-03 -1.5411377E-03 -0.2278646     -0.6230469    
 -0.1953125      2.7389526E-03  1.6241964E+07   145658.2     -4.7342230E-08
 -2.1187589E-08   917403.0       1.956522       718652.8      -257142.8    
 -5.8593752E-04 -1.4209747E-03 -0.4187500      -1.057617     -0.2781250    
 -9.4299316E-03  1.9494652E+07   1672963.      2.4586916E-08 -2.8236536E-07
   685401.8       2.675001       950125.6       145723.7      4.2255111E-03
 -1.0681152E-03 -0.2824519     -0.3486328      0.3545673      3.1616211E-02
  2.0662008E+07   6940308.     -2.1492059E-09  1.7634284E-07   726244.9    
  -3.036172       890273.5       731746.4     -5.4253470E-03  4.6005249E-03
  -1.024306      -1.101990      0.2662037     -6.7871094E-02  2.0037288E+07
   9314279.      8.3129159E-08 -2.7967326E-07   838044.1      -2.707416    
   716275.7       941376.3     -3.6621094E-03 -3.2196045E-03  0.7812500    
  0.2024918     -2.7901785E-02  0.2058105      1.9438050E+07   7980928.    
 -3.9913823E-09 -2.0411244E-07   861652.9      -2.455729       564633.4    
   769142.9      6.7349137E-03 -5.1879883E-04 -0.6088362      0.5333252    
 -0.1185345     -5.1635742E-02  1.9506684E+07   4844354.     -7.0652053E-09
  7.4942363E-09   757661.4      -2.124437       507194.0       367428.2    
 -1.6276042E-04  3.1929016E-03 -0.4270833      0.8681641      0.1927083    
  6.6833496E-03  2.0351374E+07   1562051.     -2.4835269E-09 -5.3565600E-08
   598927.2      -1.559419       567662.4      -1514.650     -3.1502018E-04
  5.9890747E-04  0.6199597     -4.4189453E-02  3.5282258E-02 -1.4400482E-04
  2.1814662E+07   1581.337      4.3261437E-08  1.2092642E-08   557737.5    
 -0.7589718       684538.4      -1368.203     -1.5258789E-04  0.0000000E+00
 -0.5029297     -1.2207031E-03 -5.1269531E-02 -1.2420654E-02  2.3062302E+07
   1537751.     -6.4028427E-09 -7.6375727E-08   615762.8     -0.1728586    
   710271.4       307645.5      3.9950283E-03 -5.8403015E-03 -0.5113636    
  1.7150879E-02 -9.4696969E-02 -4.5776367E-02  2.3239402E+07   3765385.    
 -2.2859735E-08 -7.1375325E-08   607396.6      0.1638030       641162.1    
   459233.9      4.8828125E-03  2.6206970E-03  0.5055147     -0.4260020    
  0.1746323      4.9163818E-02  2.3007714E+07   3871971.      1.3422001E-08
 -5.4204065E-08   497128.6      0.4409252       586313.1       348054.6    
 -1.6741072E-03  1.8539429E-03 -8.0357142E-02  0.1269836      6.6964284E-02
  1.4343262E-03  2.2795854E+07   2331988.      2.8205770E-08  2.6138878E-08
   336604.0       1.011276       567823.2       105881.0      7.0529515E-03
  8.3923340E-05  0.9375000      0.2475586     -2.1701390E-02 -9.2315674E-04
  2.3334708E+07   452305.3      4.3979124E-08  2.5647751E-09   307707.3    
   2.047307       619395.7      -24885.52     -2.3754223E-03 -4.7683716E-06
 -2.5337838E-02  0.2229614     -0.4328547     -5.5932999E-03  2.4165120E+07
   198565.7      4.7824673E-09  3.0653609E-08   370827.3       2.688426    
   646580.7       128502.4      4.1118423E-03 -1.7929077E-04 -0.4194079    
  0.2845459     -4.7286186E-02  3.0364990E-03  2.4563780E+07   1597897.    
 -9.5583106E-09  7.7458253E-09   332178.6       2.981330       618196.9    
   233439.0      2.8796073E-03  1.6670227E-03   1.338141     -0.1191392    
 -6.8108976E-02 -6.8206787E-03  2.4541620E+07   2025523.      5.0148139E-09
  3.6466190E-09   206334.1      -3.004177       581949.4       155861.1    
 -1.8310547E-03 -2.7236938E-03   2.179688     -0.1768036     -7.6171875E-02
  5.0277710E-03  2.4613040E+07   1102375.     -3.6787242E-08  1.1956217E-08
   118053.3      -1.808078       582729.6       10092.25      1.9054879E-03
 -1.0654330E-05  0.7164634      6.2530518E-02 -8.0030486E-02 -2.6702881E-04
  2.4985024E+07   34243.12     -1.3401960E-08 -1.3755198E-08   198973.0    
 -0.8176051       613144.3       19180.13      5.9291297E-03 -2.4747849E-04
  0.9523810      0.1388702     -3.7202383E-03 -1.2123108E-02  2.5402724E+07
   452853.4      7.7610220E-09  6.5761014E-09   190780.9     -0.5999436    
   601377.9       112103.8      3.7472746E-03  5.7220459E-06  0.5886627    
  0.3656597     -9.0843020E-03 -1.2168884E-02  2.5481256E+07   1067018.    
  1.8626451E-08  2.8512659E-10   109372.6     -0.7027456       584652.1    
   101957.5     -8.8778406E-04 -1.9979477E-04  0.0000000E+00  0.1469841    
  7.4573860E-02  5.6190491E-03  2.5527452E+07   817926.2     -5.6726009E-08
  7.1213435E-09   19076.01      0.1678926       572775.4       18036.39    
 -4.1232640E-03 -3.5399199E-04 -1.3888889E-02  5.4539204E-02 -7.9861112E-02
 -4.7481060E-04  2.5671460E+07   108821.6     -3.6632020E-08 -1.0889835E-08
   137783.7       2.388132       625612.8       50198.71     -6.4750342E-03
  6.3538551E-04  0.4619565      0.1872368     -5.0951090E-02  5.7640076E-03
  2.6163866E+07   514747.5      1.4172301E-08 -2.5727331E-10   111413.1    
   2.713165       609281.8       67611.45     -1.9739030E-03 -1.3160706E-04
 -0.3191490      4.1040659E-02 -3.9893620E-02 -3.8089752E-03  2.6254256E+07
   569372.7      8.9169188E-09  8.1382296E-09   32129.95       3.007801    
   606313.1       23712.82     -2.6448567E-03  3.0249357E-05   1.067708    
 -9.3784332E-02 -7.4869789E-02  1.3566017E-03  2.6372040E+07   153251.5    
 -2.5805395E-08 -1.9235813E-09   46098.96      -1.342371       614826.4    
  -5539.623     -5.6800065E-03 -5.6758523E-05  8.2908161E-02  2.0500183E-02
 -0.1466837     -3.5285950E-05  2.6560648E+07  -246.7593     -2.1477438E-08
 -1.9642812E-09   84603.78      -1.276060       614101.9       29795.72    
 -1.9531250E-04 -3.0970573E-04  0.6562500     -1.9050837E-02 -0.3187500    
 -3.8528442E-04  2.6715684E+07   309981.4     -1.4714897E-08 -8.1739699E-09
  5.8497973E-10   1.471128      2.7939677E-08 -2.9558578E-12  2.1245796E-08
  3.1946001E-11  4.6566129E-09  4.3655746E-11 -6.9674570E-07  7.3940143E-10
  6.5192580E-08  2.8421709E-13  2.5161567E-06  5.6635473E-15  2.3543543E-09
   1.421906     -2.3283064E-09  8.1854523E-12  1.1641532E-09  4.1296744E-10
  2.3283064E-09  3.6379788E-11 -9.3365088E-07 -6.6941084E-09 -6.5192580E-08
 -5.4569682E-12  2.5146617E-06  3.5272525E-14  3.6145036E-09  -1.831399    
 -3.4148492E-08  3.6379788E-12 -4.8894432E-08  1.5916157E-10 -1.5522042E-08
  2.3283064E-10  6.9461140E-07 -3.9649422E-09 -7.4505806E-08 -4.3655746E-11
  2.5161758E-06  4.6278882E-13  3.2927225E-09   2.356194      3.2596290E-08
  7.2759576E-11  1.3096724E-09  5.4114935E-10 -2.3283064E-08  2.3283064E-10
  6.8801455E-07 -9.0349204E-09  2.7939677E-08 -3.2014214E-10  2.5205411E-06
  2.9689990E-13  7.5669959E-09  -1.570796      5.2154064E-08 -1.1641532E-10
 -6.0768798E-08  2.4374458E-10 -2.2351742E-08  3.7252903E-09  1.3131648E-06
 -8.4401108E-09  4.4703484E-08  1.1641532E-09  2.5213715E-06 -1.3588384E-11
  3.7299440E-08  -1.620755     -2.4835268E-08  9.3132257E-10 -3.4924597E-08
 -1.2834789E-08  0.0000000E+00 -2.9802322E-08 -2.2351740E-07  5.4249540E-08
 -1.4901161E-07 -6.0535967E-09  2.5217412E-06  2.6832843E-11  3.3990084E-08
 -0.1651487     -6.6523043E-08 -1.0710210E-08 -8.1823345E-08 -8.8475645E-09
  3.1931059E-08  0.0000000E+00  4.2574747E-08 -9.9884346E-08 -4.6832221E-07
  2.6077032E-08  2.5248219E-06 -1.1045255E-11  8.4949690E-08  -1.837048    
 -8.8475645E-08 -7.4505806E-09  1.0884833E-07 -1.2805685E-08  2.3283064E-08
  1.8626451E-09  8.4051862E-07 -3.3993274E-07  2.9802322E-07 -9.6857548E-08
  2.5253955E-06  1.7031833E-10  5.4241045E-08 -0.2782997     -3.7252903E-08
  0.0000000E+00 -1.2935036E-09  1.5646219E-07  2.0696058E-09  1.8626451E-09
 -8.2784233E-09  4.7311187E-06  6.6227386E-08 -5.9604645E-08  2.5367719E-06
 -4.6761461E-10  1.5022900E-07  -1.229440      3.7252903E-09  1.1175871E-08
 -1.9045547E-07 -2.7590431E-08 -6.5192580E-09 -7.4505806E-09 -6.7055225E-08
 -4.1760504E-06 -7.1525574E-07  2.3841858E-07  2.5369393E-06  3.6522430E-10
  2.6863450E-08   2.158799      5.9265979E-09 -1.0477379E-09 -5.5879354E-08
  3.7584687E-07 -3.1749633E-10 -1.8626451E-09 -1.3275579E-06  5.5402052E-07
  4.3348831E-07 -1.0617077E-07  2.5470345E-06 -1.0685862E-09  6.8690959E-08
 -0.8621700     -6.2088170E-09  4.1909516E-09  1.9839111E-07  1.4255056E-07
  1.5522043E-09  1.8626451E-09 -1.6173968E-06 -2.4680048E-07 -3.9736429E-07
 -1.3411045E-07  2.5628203E-06 -4.1381534E-09  3.0719530E-08  0.2449787    
  2.4357668E-08 -9.3132257E-09 -9.0266653E-08  2.0675361E-07  2.1492059E-09
  1.8626451E-09  2.6506873E-07 -1.6903505E-06  4.5849728E-08  2.2351742E-07
  2.5752997E-06  1.9415809E-09  4.5862318E-08 -0.2252768      7.9827647E-09
  1.3038516E-08 -1.4610123E-07 -1.0523945E-07  5.4257856E-09 -1.8626451E-09
  7.6102361E-07 -1.8812716E-07  1.5965529E-08 -1.4901161E-08  2.5992540E-06
  1.4026313E-08  3.9292541E-08  -3.046641      1.9247333E-08 -3.7252903E-08
  4.0822972E-08  1.1571683E-07  2.4835269E-09  1.8626451E-09 -8.5611828E-07
 -5.6345016E-08 -1.2417635E-09 -1.1920929E-07  2.6488042E-06  4.5028958E-08
  5.4782038E-08   2.830594     -1.2805685E-08 -2.6077032E-08  1.3141289E-07
  3.7718564E-08  4.6566129E-09 -5.5879354E-09  1.4202669E-07  1.8626451E-08
 -6.9849193E-09 -2.3283064E-09  2.7092372E-06  1.2757833E-07  3.9625011E-08
   3.094568     -2.1913471E-09  3.7252903E-08  9.5939917E-08  7.7066943E-08
 -2.1913471E-09 -1.8626451E-09 -2.1266339E-07 -9.5460564E-07 -1.8626451E-08
  5.9604645E-08  2.7866652E-06  3.9001387E-07  4.2229086E-08   2.293776    
 -5.6914158E-09 -2.7939677E-09 -9.7045110E-08  1.0343501E-07  7.7610218E-10
  1.8626451E-09 -8.5629938E-07  4.7031790E-07  1.2417635E-08 -2.9802322E-08
  2.5644142E-06  1.1423547E-06  3.7252903E-09   3.141593      2.3283064E-09
 -2.3283064E-10  1.1091623E-07  4.1916792E-08 -5.0548760E-10 -1.8626451E-09
 -9.8033954E-09 -1.2228265E-06  1.4116890E-07 -1.8626451E-08  2.1071228E-06
  3.6492591E-07  5.4514700E-08  -2.383378     -1.3969839E-08 -8.3819032E-09
 -1.6333070E-07 -7.8987796E-08 -1.6298145E-09 -9.3132257E-10 -3.6275014E-07
  9.2177652E-07  0.0000000E+00 -3.7252903E-09  2.3252651E-06  2.3662543E-09
  3.2080820E-08  -2.762434      2.5722244E-08 -1.8626451E-09  8.4650573E-08
  4.5460183E-08  8.8697394E-10  0.0000000E+00  6.0314228E-08  2.9150397E-07
 -2.8383166E-08  5.2154064E-08  2.4293786E-06  2.2434605E-08  5.4776098E-08
  -2.019236      1.0159883E-08 -2.7939677E-08  1.2117776E-08  4.2840838E-08
 -5.3974376E-09  0.0000000E+00 -6.2567943E-07 -2.8125942E-07 -2.7093019E-08
  2.2351742E-08  2.4754813E-06  1.2021438E-07  9.2204537E-08  -1.561958    
  8.5033802E-09  7.4505806E-09 -1.0834218E-07 -1.6298145E-09  4.4541517E-09
  4.6566129E-10 -5.8642956E-07 -8.6659566E-07  5.6689200E-09  2.9802322E-08
  2.4763151E-06  2.1836014E-07  2.9990900E-08   1.121037      1.6492169E-08
 -5.5879354E-09  3.6294900E-08 -2.2351742E-08  0.0000000E+00 -4.1909516E-09
  1.4653779E-07 -1.8440187E-07  1.4648927E-08  8.3819032E-09  2.4546678E-06
  2.9121992E-07  1.8309802E-08  -2.097040      1.2200326E-08  0.0000000E+00
 -1.1734665E-08  1.5133992E-09  1.4901161E-09  4.6566129E-09 -6.8387016E-07
  2.5262125E-07  1.7881394E-08  0.0000000E+00  2.4235328E-06  3.1576025E-07
  3.1856132E-08 -0.2662520     -1.6119046E-08  5.8207661E-11 -9.2527799E-08
  1.4020770E-08 -2.1044309E-09  1.3969839E-09  4.1784148E-07 -5.2317046E-07
  8.5968237E-09 -3.7252903E-09  2.4010872E-06  2.9108901E-07  3.3179795E-08
  -3.057286      0.0000000E+00 -1.0477379E-09  2.1127224E-09  6.5927452E-08
  1.5090875E-09  0.0000000E+00  4.7980359E-07 -3.8160942E-07  0.0000000E+00
  7.6368451E-08  2.3866428E-06  2.9961194E-07  1.8638453E-08  -2.037237    
 -1.3969839E-08  0.0000000E+00  1.5050839E-08 -7.0664100E-08  3.4093059E-09
  1.1641532E-10  2.0123220E-08  3.8184226E-07 -1.3304608E-08  3.3527613E-08
  2.3423001E-06  2.3298186E-07  1.5859852E-08   2.439336     -5.1383311E-09
  0.0000000E+00 -4.0223501E-08 -8.1548933E-08 -2.2480200E-09  0.0000000E+00
 -4.5988065E-07 -2.9057264E-07 -1.7984160E-08  3.3527613E-08  2.3647892E-06
  8.8845127E-08  3.4647204E-08  0.9380475      1.1796753E-08  2.7939677E-09
 -8.2810097E-08 -3.7136488E-08  2.0178657E-09 -2.6193447E-10  2.3632310E-07
  2.5145710E-07 -1.4901161E-08  0.0000000E+00  2.3938881E-06  7.5387220E-08
  2.7658869E-08 -0.7853982      1.8025599E-09  1.3969839E-09 -2.6662865E-09
 -5.8207661E-11 -1.3519199E-09 -2.3283064E-10 -2.3283064E-09  2.8235809E-07
 -3.0042664E-09 -1.5133992E-09  2.4027877E-06  9.7089405E-08  2.7537084E-08
   1.897894      2.9103830E-08  7.2759576E-11 -1.7025741E-08  4.7639332E-09
  3.3469405E-09  4.6566129E-10  1.4806574E-07 -6.3562766E-08 -1.0477379E-08
 -2.7939677E-09  2.4007265E-06  1.0660624E-07  1.4689104E-08  0.3142319    
 -1.7497577E-08  1.1641532E-09 -8.9957297E-08 -2.2479071E-08 -2.8398284E-09
  6.9849193E-10 -3.1326305E-08  4.8842048E-07 -6.7732553E-09 -3.7252903E-09
  2.3977661E-06  8.7190642E-08  1.0750625E-08  -1.262744      0.0000000E+00
  2.0954758E-09  1.6845981E-08 -3.6467100E-08  1.6777502E-09  7.2759576E-12
  1.7119900E-08  2.1676533E-07  9.8610622E-09  1.6763806E-08  2.4048950E-06
  7.6032357E-08  1.4908435E-08  -2.466852     -3.2995427E-08 -2.3283064E-09
  8.7378012E-08 -5.8847945E-08  7.3175344E-10  1.7462298E-10  4.8561821E-09
  2.6589260E-07  2.3416110E-08 -5.5879354E-09  2.4036494E-06  7.3566909E-08
  1.7286009E-08  -1.651700     -2.5352671E-08  2.3283064E-10  6.2346871E-08
 -4.1240128E-08  1.9402555E-09  1.1641532E-10 -3.8378252E-07  2.9709190E-07
  3.1044087E-09  9.3132257E-09  2.4030803E-06  5.2832533E-08  3.6369310E-09
  0.8760580     -8.5580991E-09 -2.9103830E-11  1.9589237E-07  7.2914190E-09
 -5.4746665E-09  2.3283064E-10 -3.2973851E-08  1.0186341E-08  3.1211890E-08
 -4.6566129E-10  2.4072028E-06  3.2737688E-08  1.5859852E-08   2.273053    
 -4.9016979E-10  3.4924597E-10 -8.0204032E-08  6.4956112E-09 -1.8075010E-09
  2.3283064E-10 -2.4545253E-07 -2.2813038E-07  2.1567470E-08 -3.0267984E-09
  2.4120113E-06  2.5009175E-08  2.1446976E-08  -1.204402     -2.8656078E-09
 -1.3969839E-09  8.4714529E-08 -1.0419171E-08 -7.7610213E-10  0.0000000E+00
 -1.8351831E-07  1.2863893E-07 -2.6745674E-08  3.7252903E-09  2.4198876E-06
  2.5500190E-08  6.5854450E-10   2.356194      5.5879354E-09  1.1641532E-10
  3.9057340E-08 -2.2220775E-08 -8.1490725E-10 -3.8198777E-11  3.7043355E-07
  3.0500814E-07 -2.9802322E-08  3.7252903E-09  2.4213557E-06  3.5934587E-08
  4.5640149E-09   1.468590     -2.3623793E-08  2.9103830E-10 -7.7174839E-08
 -2.7554051E-08  2.6690343E-09  1.1641532E-10 -2.0261945E-07  2.3380562E-07
  1.9989363E-08  4.6566129E-10  2.4201975E-06  3.6573258E-08  8.2679472E-09
  0.5645694     -1.7739479E-09 -2.9103830E-11  2.7662500E-08  8.6984073E-09
 -3.1598446E-09 -2.3283064E-10 -2.8078267E-07 -1.4697434E-07 -1.2417635E-08
 -2.3283064E-10  2.4196802E-06  2.1493982E-08  4.6391175E-09  -1.876675    
 -1.4727891E-08 -4.0745363E-10 -2.9076755E-08  8.3346094E-09 -6.7683326E-10
 -1.4551915E-11 -3.4334397E-07 -4.8603397E-08  1.6460584E-08  9.3132257E-10
  2.4231108E-06  1.5027020E-08  5.6362333E-09  0.9025069     -8.4665686E-10
  0.0000000E+00 -6.4663418E-08 -1.3533281E-09  3.5453755E-09  0.0000000E+00
  1.1361077E-07  2.2875611E-08 -1.0159883E-08  1.8626451E-09  2.4255835E-06
  3.6735536E-08  1.1452357E-08   1.570796      2.2351742E-08 -1.4551915E-10
 -8.2680749E-08  2.5829650E-10 -4.3979123E-09  2.9103830E-11  3.3082648E-07
 -4.3350155E-08 -3.0630165E-08  0.0000000E+00  2.4242458E-06  4.8671197E-08
  1.1641532E-09 -0.6435011      1.6196915E-09  2.9103830E-11 -6.2965505E-08
  6.8289410E-09 -1.8221529E-09  0.0000000E+00  3.3846490E-07 -3.9628503E-08
  2.4295372E-09  2.6193447E-10  2.4225646E-06  3.1367982E-08  1.8771971E-09
   3.141593     -2.3778450E-09 -5.8207661E-11 -7.4753501E-08 -6.9121597E-10
  8.9169189E-10  7.2759576E-12  1.5604607E-07  1.9645086E-08  3.9630748E-09
  0.0000000E+00  2.4233602E-06  5.1011608E-09  5.4155027E-09  -2.015216    
 -3.8805106E-09  2.9103830E-11 -1.4503408E-08  4.4055923E-09 -2.5708382E-09
  9.0949470E-12  1.4508259E-07 -4.0556188E-08 -2.8715778E-08  6.9849193E-10
  2.4301346E-06 -1.2751709E-08  2.0096400E-09   1.745468      1.3684740E-08
  3.6379788E-11 -1.6393178E-08 -6.3846528E-10  6.6523037E-10  2.9103830E-11
  1.9424728E-07  2.2104359E-08  6.0821064E-09 -1.1641532E-10  2.4332978E-06
  2.3602982E-09  1.4399780E-09  0.2449787      2.4586916E-08 -1.0186341E-10
 -4.4796614E-08  1.1605152E-09 -2.6542692E-09  0.0000000E+00  9.8533931E-08
 -8.5274223E-09  1.1920929E-08  6.9849193E-10  2.4311246E-06  3.8693573E-09
