          50           1           6           6           0
 --- Force ---
           1           1           1
           2           1           2
           3           1           3
           4           1           4
           5           1           5
           6           1           6
 --- Motion ---
           1           1           1
           2           1           2
           3           1           3
           4           1           4
           5           1           5
           6           1           6
  0.0000000E+00
  0.3100000      0.4057143      0.5014286      0.5971428      0.6928571    
  0.7885715      0.8842857      0.9800000       1.075714       1.171429    
   1.267143       1.362857       1.458571       1.554286       1.650000    
   1.745714       1.841429       1.937143       2.032857       2.128572    
   2.224286       2.320000       2.415714       2.511429       2.607143    
   2.702857       2.798571       2.894286       2.990000       3.085714    
   3.181428       3.277143       3.372857       3.468571       3.564286    
   3.660000       3.755714       3.851429       3.947143       4.042857    
   4.138572       4.234286       4.330000       4.425714       4.521429    
   4.617143       4.712857       4.808571       4.904285       5.000000    
 
