Nb de periode :    50
 0.1000
  0.166509E+00 -0.116415E-09  0.415231E-04  0.175351E-08 -0.199588E+00 -0.988098E-14
  0.494765E-09  0.166491E+00 -0.543878E-09  0.199603E+00 -0.458385E-09  0.156336E-11
  0.472069E-04  0.995398E-05  0.198006E+03  0.207737E-03 -0.166893E-05 -0.386535E-11
 -0.858563E-09  0.198584E+00 -0.510772E-08  0.238023E+00  0.534783E-08  0.268678E-11
 -0.198543E+00 -0.116415E-08  0.410674E-04  0.554428E-08  0.237922E+00 -0.544009E-14
  0.149620E-16  0.539319E-11 -0.813152E-18  0.761232E-11  0.661363E-17  0.636001E-15
 0.2000
  0.153853E+01 -0.931323E-09 -0.900304E-04  0.232831E-07 -0.183862E+01 -0.248690E-13
  0.977889E-08  0.153850E+01 -0.667933E-08  0.183864E+01 -0.215950E-07  0.139644E-10
 -0.175476E-03 -0.308156E-04  0.422023E+03  0.284225E-03 -0.464916E-04 -0.263753E-10
  0.663567E-08  0.182890E+01 -0.632717E-07  0.218605E+01  0.119908E-07  0.240024E-10
 -0.182874E+01 -0.861473E-08  0.155957E-03 -0.458676E-07  0.218585E+01 -0.118128E-12
  0.303577E-17  0.125340E-10 -0.365918E-18  0.212286E-10  0.322550E-17  0.810906E-16
 0.3000
  0.663979E+01  0.265427E-07 -0.200260E-03  0.745058E-07 -0.789086E+01  0.888178E-13
  0.256114E-07  0.663964E+01 -0.272295E-06  0.789086E+01  0.395812E-07  0.338267E-10
 -0.190735E-04  0.149012E-04  0.704027E+03 -0.214964E-02 -0.209808E-04 -0.200089E-10
  0.147615E-06  0.785021E+01  0.319560E-06  0.932984E+01  0.884756E-08  0.331761E-10
 -0.785021E+01  0.265427E-07  0.240300E-04  0.177184E-06  0.932939E+01 -0.127898E-12
  0.140946E-16  0.344893E-10 -0.542101E-18  0.425386E-10 -0.179978E-16  0.155885E-14
 0.4000
  0.224590E+02 -0.322238E-06 -0.762682E-03 -0.364147E-06 -0.264824E+02 -0.966338E-12
 -0.186265E-08  0.224593E+02  0.231201E-06  0.264830E+02 -0.123866E-06 -0.296350E-10
  0.332832E-03 -0.135660E-03  0.109210E+04 -0.142968E-02  0.457764E-04 -0.109139E-10
  0.800937E-07  0.263452E+02  0.188593E-06  0.310639E+02  0.366010E-06 -0.989520E-10
 -0.263453E+02  0.270084E-06 -0.536721E-04 -0.578351E-06  0.310639E+02  0.231637E-11
 -0.346945E-17 -0.267245E-10  0.758942E-18 -0.551061E-10  0.650521E-17  0.107216E-14
 0.5000
  0.696070E+02 -0.142679E-05 -0.217666E-02 -0.273809E-06 -0.811914E+02 -0.358114E-11
 -0.111759E-07  0.696073E+02 -0.355765E-06  0.811908E+02  0.141189E-05  0.960156E-10
  0.305176E-03 -0.154257E-03  0.164659E+04  0.210464E-02  0.663757E-03  0.254659E-10
 -0.253320E-06  0.808225E+02  0.963919E-06  0.942624E+02 -0.227243E-06  0.123961E-09
 -0.808230E+02  0.871718E-06  0.575248E-02  0.318512E-06  0.942622E+02 -0.278533E-11
  0.232019E-16  0.780866E-10  0.227682E-17  0.105976E-09  0.595227E-16  0.252720E-15
 0.6000
  0.205126E+03  0.157952E-05 -0.326434E-02 -0.114739E-05 -0.236225E+03 -0.613909E-11
  0.149012E-06  0.205126E+03 -0.132434E-05  0.236226E+03  0.227988E-05 -0.130896E-09
  0.108719E-02 -0.617981E-03  0.239549E+04  0.152802E-02 -0.844955E-03 -0.363798E-10
 -0.149012E-05  0.235153E+03 -0.386685E-05  0.270772E+03 -0.186265E-05 -0.178204E-09
 -0.235154E+03  0.105798E-05  0.687173E-02 -0.115484E-05  0.270775E+03  0.318323E-11
  0.150921E-15 -0.118509E-09  0.433681E-18 -0.153788E-09 -0.326128E-15  0.723913E-14
 0.7000
  0.559493E+03  0.193715E-05 -0.318938E-02  0.789762E-06 -0.634487E+03 -0.763976E-10
 -0.187755E-05  0.559491E+03 -0.882894E-05  0.634484E+03  0.970066E-05  0.856062E-10
 -0.102615E-02 -0.173569E-03  0.324820E+04 -0.656438E-02 -0.627518E-03  0.291038E-10
 -0.109076E-04  0.631532E+03  0.536442E-06  0.716133E+03 -0.599027E-05  0.225612E-09
 -0.631534E+03 -0.143051E-05  0.150200E-01  0.381470E-05  0.716133E+03 -0.454747E-11
 -0.832667E-16  0.825451E-10 -0.236356E-16  0.292301E-09 -0.173472E-16  0.170386E-14
 0.8000
  0.136398E+04  0.275373E-04 -0.145372E-01  0.277460E-04 -0.151706E+04  0.400178E-10
  0.138283E-04  0.136398E+04  0.153482E-05  0.151706E+04 -0.458360E-04 -0.238288E-09
  0.106049E-02  0.281334E-03  0.401145E+04 -0.212431E-02 -0.232697E-03 -0.945874E-10
 -0.160933E-04  0.151159E+04  0.383705E-04  0.168114E+04 -0.126958E-04 -0.140631E-09
 -0.151159E+04 -0.357628E-06  0.179622E-01 -0.225604E-04  0.168114E+04  0.591172E-10
  0.513478E-15 -0.362699E-09 -0.242861E-16 -0.326461E-09 -0.358741E-14  0.105771E-12
 0.9000
  0.296316E+04  0.309944E-04 -0.452521E-01 -0.268221E-05 -0.322794E+04 -0.472937E-10
 -0.288486E-04  0.296316E+04  0.343025E-04  0.322794E+04  0.246167E-04  0.168029E-09
  0.877380E-03  0.200272E-03  0.453673E+04 -0.684166E-02 -0.352478E-02 -0.873115E-10
  0.000000E+00  0.321467E+04 -0.505447E-04  0.350180E+04 -0.326633E-04  0.342880E-09
 -0.321467E+04  0.252724E-04  0.549686E-01  0.351667E-04  0.350179E+04 -0.945874E-10
  0.194289E-14  0.312348E-09 -0.520417E-16  0.490634E-09 -0.208167E-15  0.208349E-12
 1.0000
  0.583739E+04  0.476837E-06 -0.393105E-01 -0.371933E-04 -0.619452E+04  0.800355E-10
 -0.443459E-04  0.583738E+04 -0.955462E-04  0.619451E+04 -0.129938E-04  0.918590E-10
 -0.111389E-02  0.616074E-03  0.477546E+04 -0.702858E-02  0.501251E-02  0.000000E+00
  0.209808E-04  0.617624E+04 -0.106752E-03  0.655399E+04  0.357628E-05  0.116688E-08
 -0.617625E+04 -0.510216E-04  0.536008E-01  0.239611E-04  0.655401E+04  0.349246E-09
  0.466294E-14  0.135019E-08  0.000000E+00  0.143642E-08  0.280886E-13  0.118083E-11
 1.1000
  0.106013E+05 -0.829697E-04 -0.222197E-01  0.338554E-04 -0.109338E+05  0.113505E-08
  0.286102E-04  0.106012E+05  0.139952E-03  0.109338E+05 -0.109673E-03  0.685759E-09
 -0.259399E-03 -0.276566E-04  0.471046E+04  0.782967E-02 -0.384521E-02  0.218279E-09
 -0.991821E-04  0.108999E+05 -0.544786E-04  0.112418E+05  0.166655E-03  0.458385E-09
 -0.109000E+05 -0.658035E-04  0.541496E-01 -0.395775E-04  0.112419E+05 -0.611180E-09
  0.355271E-14  0.139061E-08  0.111022E-15  0.143749E-08 -0.321965E-13 -0.125326E-11
 1.2000
  0.179116E+05  0.194550E-03  0.106812E-03 -0.451565E-03 -0.178692E+05  0.363798E-09
  0.125885E-03  0.179116E+05 -0.364780E-04  0.178692E+05  0.333786E-03  0.187174E-08
 -0.503540E-03 -0.696182E-03  0.440337E+04  0.147867E-02 -0.382233E-02 -0.582077E-10
 -0.247955E-04  0.178181E+05  0.576973E-04  0.177729E+05  0.441074E-03  0.290856E-08
 -0.178182E+05  0.953674E-05  0.398922E-01  0.124454E-03  0.177729E+05  0.100408E-08
  0.337508E-13  0.304057E-09 -0.222045E-15  0.911273E-09 -0.277556E-12  0.539624E-11
 1.3000
  0.283045E+05  0.762939E-05  0.771713E-02  0.306129E-03 -0.271668E+05 -0.107684E-08
 -0.724792E-04  0.283045E+05  0.607967E-04  0.271667E+05 -0.109196E-03  0.152795E-09
 -0.846863E-03 -0.358582E-03  0.395716E+04 -0.315046E-02 -0.526428E-03  0.436557E-10
 -0.324249E-03  0.271187E+05 -0.329494E-03  0.260275E+05 -0.108719E-03  0.163709E-09
 -0.271188E+05  0.476837E-04 -0.477028E-02 -0.229836E-03  0.260275E+05  0.407454E-09
  0.621725E-14  0.165744E-08 -0.888178E-15  0.996237E-09  0.888178E-13 -0.465384E-11
 1.4000
  0.418728E+05 -0.343323E-04  0.111523E-01  0.334740E-03 -0.385442E+05  0.215368E-08
 -0.217438E-03  0.418728E+05 -0.205040E-03  0.385442E+05  0.457764E-04  0.220462E-08
 -0.709534E-03 -0.118256E-02  0.331267E+04  0.409842E-03 -0.199509E-02 -0.436557E-10
 -0.324249E-03  0.384652E+05 -0.259876E-03  0.353948E+05 -0.357628E-04 -0.302680E-08
 -0.384653E+05  0.915527E-04 -0.263271E-01  0.953674E-05  0.353949E+05  0.183354E-08
 -0.259348E-12  0.224305E-08 -0.444089E-15  0.199566E-08 -0.183853E-12 -0.743871E-11
 1.5000
  0.578024E+05 -0.595093E-03  0.314331E-02  0.424385E-03 -0.507082E+05  0.128057E-08
 -0.106812E-03  0.578024E+05  0.436783E-03  0.507081E+05  0.953674E-06  0.336149E-08
 -0.187683E-02  0.235176E-02  0.276397E+04 -0.321436E-02 -0.121498E-02  0.727596E-10
  0.213623E-03  0.506009E+05  0.281811E-03  0.443803E+05  0.258446E-03  0.218279E-08
 -0.506010E+05 -0.568390E-03 -0.214577E-01 -0.339508E-03  0.443804E+05  0.640284E-09
 -0.198952E-12 -0.257724E-08  0.621725E-14 -0.239012E-08  0.151079E-11  0.181272E-10
 1.6000
  0.745131E+05  0.808716E-03  0.613403E-02 -0.246048E-03 -0.618690E+05  0.360887E-08
  0.350952E-03  0.745130E+05  0.877380E-04  0.618689E+05 -0.604630E-03 -0.718865E-08
 -0.389099E-03  0.144958E-03  0.208286E+04  0.372767E-02  0.829697E-03 -0.174623E-09
  0.473022E-03  0.617684E+05 -0.308037E-03  0.512265E+05 -0.336647E-03  0.363798E-09
 -0.617686E+05  0.152588E-03 -0.439453E-02 -0.447273E-03  0.512266E+05  0.582077E-09
  0.130740E-11 -0.107716E-07 -0.106581E-13 -0.902586E-08 -0.568434E-13  0.480988E-10
 1.7000
  0.898281E+05 -0.869751E-03  0.215912E-02  0.454903E-03 -0.701646E+05  0.221189E-08
 -0.785828E-03  0.898279E+05  0.438690E-04  0.701645E+05 -0.136471E-02  0.436557E-08
  0.400543E-02 -0.123215E-02  0.156907E+04 -0.149608E-03 -0.111198E-02  0.130967E-09
  0.396729E-03  0.700639E+05 -0.864506E-03  0.546779E+05  0.476837E-05 -0.429281E-08
 -0.700641E+05  0.251770E-03 -0.416183E-02  0.181198E-03  0.546780E+05 -0.512227E-08
  0.966338E-12  0.962260E-08  0.355271E-14  0.667538E-08  0.190425E-11 -0.156741E-09
 1.8000
  0.101710E+06 -0.173950E-02  0.146103E-02  0.531197E-03 -0.740203E+05  0.582077E-08
  0.128174E-02  0.101710E+06 -0.691414E-04  0.740201E+05  0.912666E-03  0.385626E-08
  0.163269E-02 -0.182343E-02  0.119223E+04 -0.902414E-03 -0.245762E-02 -0.436557E-10
  0.823975E-03  0.739590E+05 -0.717163E-03  0.536253E+05  0.162601E-02  0.582077E-10
 -0.739593E+05 -0.396729E-03  0.173950E-02 -0.732422E-03  0.536255E+05 -0.384171E-08
 -0.198952E-12  0.186389E-07 -0.399680E-14  0.129898E-07 -0.303757E-12  0.866219E-10
 1.9000
  0.109095E+06  0.473022E-03  0.423813E-02  0.619888E-04 -0.734000E+05 -0.337604E-08
  0.625610E-03  0.109095E+06  0.389576E-03  0.733998E+05 -0.104904E-02 -0.494765E-09
  0.335693E-02  0.116634E-02  0.717347E+03 -0.958502E-03 -0.293112E-02  0.509317E-10
  0.138855E-02  0.733923E+05  0.672340E-04  0.491228E+05  0.217438E-03  0.170257E-08
 -0.733925E+05  0.404358E-03  0.134392E-01 -0.274658E-03  0.491230E+05  0.407454E-08
 -0.261480E-11 -0.118418E-08  0.000000E+00 -0.198156E-08  0.149214E-12 -0.129557E-09
 2.0000
  0.111766E+06  0.503540E-03  0.511551E-02  0.170708E-03 -0.687910E+05 -0.512227E-08
 -0.915527E-03  0.111766E+06 -0.991821E-04  0.687908E+05 -0.255585E-03  0.596629E-08
  0.359344E-02  0.993729E-03  0.588397E+03 -0.149167E-02 -0.273657E-02 -0.436557E-10
 -0.518799E-03  0.689337E+05  0.214338E-03  0.421574E+05  0.249863E-03 -0.726141E-08
 -0.689339E+05  0.122070E-03  0.197048E-01 -0.309944E-03  0.421575E+05 -0.116415E-08
  0.130740E-11  0.267262E-07 -0.888178E-14  0.164137E-07 -0.131450E-12  0.107592E-09
 2.1000
  0.110751E+06 -0.335693E-03  0.318718E-02 -0.452995E-03 -0.614921E+05 -0.232831E-08
 -0.109863E-02  0.110751E+06 -0.206947E-03  0.614920E+05 -0.931740E-03 -0.404543E-08
  0.107193E-02 -0.282288E-03  0.360528E+03  0.174761E-03 -0.464201E-03 -0.291038E-10
  0.839233E-04  0.617094E+05  0.205278E-03  0.335943E+05 -0.113010E-03 -0.241562E-08
 -0.617096E+05  0.816345E-03  0.160275E-01 -0.777245E-04  0.335944E+05 -0.221189E-08
  0.135003E-12  0.143633E-07 -0.477396E-14  0.884348E-08 -0.244027E-12  0.524700E-10
 2.2000
  0.106878E+06 -0.152588E-02 -0.169563E-02 -0.319958E-03 -0.527815E+05  0.000000E+00
  0.103760E-02  0.106878E+06  0.294447E-03  0.527814E+05  0.363350E-03 -0.788714E-08
 -0.507355E-03 -0.437260E-03  0.188043E+03  0.109537E-02  0.969172E-03 -0.654836E-10
 -0.839233E-04  0.530586E+05  0.111103E-03  0.253389E+05 -0.293016E-03  0.711589E-08
 -0.530588E+05  0.465393E-03  0.719643E-02 -0.121355E-03  0.253390E+05 -0.244472E-08
 -0.142109E-13  0.566671E-08 -0.355271E-14  0.327183E-08 -0.300204E-12 -0.744454E-11
 2.3000
  0.101176E+06  0.350952E-03 -0.190735E-03 -0.705719E-04 -0.436250E+05  0.116415E-08
  0.747681E-03  0.101176E+06  0.450611E-04  0.436249E+05  0.113964E-03  0.704313E-08
  0.151825E-02 -0.415802E-03  0.180208E+03 -0.134304E-03 -0.118375E-03  0.109139E-10
 -0.534058E-04  0.439076E+05  0.864267E-04  0.180371E+05  0.977516E-04  0.209548E-08
 -0.439079E+05 -0.366211E-03  0.481939E-02  0.178814E-03  0.180372E+05 -0.104774E-08
 -0.170530E-11 -0.432996E-08 -0.222045E-14 -0.204230E-08  0.119016E-12  0.791510E-10
 2.4000
  0.945148E+05  0.106812E-03 -0.114441E-03 -0.597954E-03 -0.346807E+05  0.000000E+00
  0.131226E-02  0.945147E+05  0.469685E-04  0.346806E+05 -0.263691E-03  0.552973E-09
  0.270653E-02 -0.729561E-04  0.119047E+03 -0.348359E-03 -0.114596E-02 -0.109139E-10
  0.221252E-03  0.349748E+05  0.619292E-04  0.113412E+05 -0.572205E-05  0.100408E-08
 -0.349750E+05  0.991821E-04  0.317335E-02 -0.995398E-04  0.113413E+05 -0.151340E-08
  0.568434E-13 -0.215835E-07 -0.177636E-14 -0.728469E-08  0.326850E-12 -0.754441E-10
 2.5000
  0.874524E+05 -0.366211E-03  0.788689E-03 -0.500679E-05 -0.265480E+05 -0.535510E-08
 -0.656128E-03  0.874523E+05 -0.154018E-03  0.265480E+05  0.364542E-03  0.890577E-08
 -0.516891E-03 -0.545502E-03  0.872871E+02  0.125460E-03  0.535965E-03  0.109139E-10
  0.106812E-03  0.268999E+05  0.773668E-04  0.633470E+04 -0.298023E-06  0.396540E-08
 -0.269002E+05 -0.282288E-03  0.216722E-02 -0.122786E-04  0.633476E+04  0.116415E-09
 -0.102318E-11 -0.753973E-08  0.710543E-14 -0.205385E-08  0.377653E-11  0.696971E-10
 2.6000
  0.803594E+05 -0.122070E-03  0.122166E-02 -0.164270E-03 -0.193034E+05 -0.209548E-08
 -0.427246E-03  0.803594E+05  0.142694E-03  0.193034E+05  0.500679E-05 -0.218279E-08
  0.110245E-02 -0.255585E-03  0.106395E+03  0.385195E-05 -0.304222E-03  0.727596E-11
 -0.160217E-03  0.196387E+05  0.111312E-04  0.290195E+04 -0.469983E-04 -0.223372E-08
 -0.196389E+05  0.495911E-04  0.190854E-02 -0.296235E-04  0.290199E+04  0.931323E-09
 -0.662226E-11 -0.196898E-08  0.000000E+00 -0.670394E-09 -0.875300E-12  0.123777E-10
 2.7000
  0.736039E+05  0.134277E-02  0.192595E-02 -0.349283E-04 -0.131832E+05 -0.256114E-08
  0.793457E-03  0.736038E+05 -0.298023E-04  0.131832E+05 -0.569820E-04 -0.774162E-08
 -0.129509E-02 -0.355244E-04  0.703104E+02  0.425801E-04  0.417829E-04  0.000000E+00
  0.102997E-03  0.135103E+05 -0.976026E-06  0.857920E+03  0.524521E-05  0.571163E-09
 -0.135105E+05  0.118256E-03  0.652075E-03 -0.312924E-05  0.857950E+03 -0.203727E-09
 -0.648015E-11 -0.157864E-07 -0.718869E-14 -0.329755E-08  0.982159E-12 -0.277973E-10
 2.8000
  0.672606E+05  0.183105E-02  0.838757E-03 -0.183821E-03 -0.797163E+04 -0.640284E-08
  0.213623E-03  0.672606E+05 -0.235438E-04  0.797162E+04 -0.194311E-04 -0.379805E-08
 -0.873089E-03 -0.209808E-04  0.601829E+02  0.824034E-04  0.145674E-03  0.545697E-11
 -0.324249E-04  0.825919E+04  0.561401E-05 -0.847223E+03  0.108480E-04 -0.141881E-08
 -0.825936E+04 -0.209808E-04 -0.268996E-03 -0.226349E-04 -0.847207E+03 -0.203727E-09
  0.659384E-11 -0.211765E-07 -0.888178E-15 -0.192213E-08  0.390799E-13  0.171215E-09
 2.9000
  0.614038E+05 -0.503540E-03  0.720024E-03  0.320077E-04 -0.374939E+04 -0.256114E-08
  0.335693E-03  0.614037E+05 -0.135005E-04  0.374939E+04 -0.464916E-04 -0.753789E-08
 -0.796318E-04 -0.123978E-04  0.795899E+02  0.890568E-04 -0.959635E-04 -0.136424E-11
 -0.162125E-04  0.402415E+04  0.955537E-06 -0.154235E+04 -0.544637E-05 -0.214641E-09
 -0.402428E+04  0.572205E-05 -0.693738E-03 -0.909716E-05 -0.154235E+04 -0.247383E-09
  0.909495E-11 -0.159517E-08  0.222045E-14 -0.308284E-09 -0.580780E-11 -0.122678E-10
 3.0000
  0.560800E+05 -0.656128E-03  0.163293E-02  0.573397E-04 -0.421680E+03  0.151340E-08
 -0.106812E-03  0.560799E+05  0.364482E-04  0.421686E+03  0.337362E-04 -0.161526E-08
  0.204027E-03  0.195876E-04  0.884913E+02 -0.159308E-03  0.751019E-05 -0.306954E-11
 -0.238419E-05  0.636622E+03  0.152271E-05 -0.135191E+04  0.180937E-04  0.960426E-09
 -0.636721E+03  0.572205E-05 -0.128634E-02 -0.515953E-05 -0.135192E+04 -0.727596E-11
 -0.118234E-10  0.164131E-07 -0.266454E-14  0.679784E-09 -0.311307E-11  0.494666E-10
 3.1000
  0.513038E+05 -0.152588E-04 -0.565660E-02  0.464916E-05  0.209772E+04  0.197906E-08
 -0.228882E-03  0.513038E+05 -0.506639E-05 -0.209773E+04 -0.258982E-04 -0.109139E-08
 -0.679016E-03  0.818968E-04 -0.966770E+01 -0.698976E-04  0.680923E-03  0.181899E-11
  0.238419E-06 -0.194979E+04  0.255182E-05 -0.588480E+03  0.792742E-05 -0.150067E-10
  0.194972E+04  0.281334E-04 -0.158870E-02  0.998378E-06 -0.588486E+03 -0.105501E-09
 -0.154614E-10 -0.306034E-08 -0.888178E-14  0.200359E-09 -0.597389E-11  0.167117E-09
 3.2000
  0.470003E+05  0.839233E-03  0.210690E-02 -0.287294E-04  0.409216E+04 -0.244472E-08
 -0.427246E-03  0.470005E+05 -0.103265E-04 -0.409217E+04 -0.128746E-04  0.173168E-08
 -0.498295E-04  0.134706E-04  0.395297E+02 -0.100490E-03 -0.585020E-04  0.204636E-11
 -0.267029E-04 -0.403362E+04  0.892906E-06  0.525738E+02 -0.224030E-05  0.220098E-09
  0.403354E+04  0.286102E-05  0.744234E-03 -0.141980E-05  0.525646E+02 -0.320142E-09
 -0.181899E-11 -0.134207E-07 -0.168754E-13  0.178963E-09 -0.277467E-11  0.211491E-09
 3.3000
  0.431036E+05  0.808716E-03  0.947475E-03 -0.411570E-04  0.557083E+04 -0.582077E-09
  0.000000E+00  0.431039E+05  0.938773E-05 -0.557085E+04  0.250936E-04 -0.829459E-09
  0.183761E-03 -0.210777E-04  0.423803E+02  0.926219E-04  0.175834E-05  0.329692E-11
  0.991821E-04 -0.559180E+04  0.903383E-06  0.862338E+03 -0.101663E-04 -0.727596E-09
  0.559164E+04  0.228882E-04  0.487432E-03  0.371411E-05  0.862315E+03  0.101863E-09
 -0.136424E-09 -0.896762E-09 -0.710543E-14 -0.468187E-09 -0.303793E-10  0.326712E-09
 3.4000
  0.396855E+05 -0.228882E-03 -0.168085E-03  0.258684E-04  0.665748E+04 -0.162981E-08
 -0.625610E-03  0.396857E+05  0.150129E-04 -0.665750E+04  0.461489E-04  0.189175E-09
 -0.147820E-04  0.132918E-04  0.375363E+02 -0.504553E-04 -0.163615E-04 -0.227374E-11
  0.171661E-04 -0.663559E+04 -0.771135E-06  0.163263E+04 -0.165403E-05  0.800355E-10
  0.663551E+04 -0.152588E-04  0.910163E-04  0.371858E-04  0.163261E+04 -0.261934E-09
  0.618456E-10 -0.756791E-08  0.799361E-14  0.812350E-09  0.788294E-10  0.486617E-09
 3.5000
  0.364785E+05 -0.747681E-03 -0.307739E-03 -0.538826E-04  0.750176E+04  0.116415E-08
  0.228882E-03  0.364786E+05  0.237674E-05 -0.750178E+04 -0.143498E-04  0.160071E-09
  0.534058E-04 -0.780821E-05  0.301332E+02  0.121590E-03 -0.232458E-05  0.682121E-12
 -0.762939E-04 -0.755522E+04  0.125170E-05  0.225540E+04  0.114068E-04  0.483851E-09
  0.755517E+04 -0.114441E-04  0.353903E-04 -0.174791E-04  0.225539E+04  0.116415E-09
  0.243745E-09 -0.378668E-08  0.222045E-14 -0.853220E-10 -0.752163E-10  0.713973E-09
 3.6000
  0.335483E+05  0.488281E-03 -0.621140E-03 -0.492185E-04  0.817847E+04  0.325963E-08
  0.305176E-04  0.335484E+05 -0.274926E-05 -0.817848E+04  0.880510E-04 -0.277942E-08
  0.493526E-04 -0.417233E-05  0.194237E+02  0.260454E-04 -0.150055E-04  0.454747E-12
 -0.724792E-04 -0.829891E+04 -0.668690E-06  0.272188E+04  0.756979E-05 -0.894943E-09
  0.829886E+04  0.190735E-03 -0.225484E-03  0.190847E-04  0.272188E+04 -0.582077E-10
  0.218279E-10 -0.105001E-07 -0.222045E-15  0.416521E-08  0.229986E-09  0.982059E-09
 3.7000
  0.308459E+05 -0.366211E-03 -0.300705E-03 -0.409037E-04  0.884990E+04  0.349246E-09
 -0.991821E-04  0.308460E+05 -0.765920E-05 -0.884993E+04 -0.534505E-04 -0.192085E-08
  0.228882E-04  0.424683E-05  0.112160E+02  0.865804E-04  0.242963E-04  0.227374E-12
 -0.457764E-04 -0.885417E+04 -0.104029E-05  0.305616E+04 -0.146301E-04  0.139698E-08
  0.885413E+04 -0.190735E-04 -0.153635E-03  0.326522E-05  0.305615E+04  0.582077E-09
  0.800355E-10  0.777163E-08  0.666134E-15 -0.174296E-08 -0.279937E-09  0.108261E-08
 3.8000
  0.284012E+05 -0.389099E-03 -0.288606E-03 -0.117421E-04  0.922028E+04 -0.349246E-08
  0.259399E-03  0.284012E+05 -0.269264E-04 -0.922029E+04 -0.283122E-04  0.104483E-07
  0.687838E-04  0.357628E-05  0.562513E+01  0.908971E-05 -0.514090E-05 -0.227374E-12
 -0.495911E-04 -0.938309E+04 -0.324287E-05  0.321279E+04  0.432059E-04 -0.586442E-08
  0.938307E+04  0.228882E-04  0.382721E-03 -0.369996E-04  0.321278E+04  0.960426E-09
  0.240107E-09 -0.662112E-08  0.000000E+00  0.222173E-08 -0.191337E-10  0.122005E-08
 3.9000
  0.249250E+05 -0.648499E-04  0.857353E-03  0.913143E-04  0.586816E+04  0.235741E-08
 -0.534058E-04  0.249248E+05 -0.396252E-03 -0.586832E+04  0.762939E-05 -0.124539E-06
  0.388622E-04 -0.217557E-05  0.913752E+00 -0.170944E-05 -0.412287E-04  0.682121E-12
 -0.286102E-04 -0.910776E+04  0.892282E-04  0.195844E+04 -0.872612E-04  0.681939E-07
  0.910777E+04 -0.762939E-04 -0.150585E-02  0.159740E-04  0.195843E+04  0.967702E-09
 -0.283762E-09 -0.441833E-08  0.754952E-14 -0.777274E-08  0.283070E-09  0.133670E-08
 4.0000
  0.242006E+05  0.221252E-03  0.423908E-03  0.594705E-04  0.970191E+04  0.139698E-08
  0.762939E-04  0.242006E+05 -0.439584E-06 -0.970192E+04 -0.143006E-03 -0.986620E-08
 -0.119209E-04 -0.941753E-05 -0.224765E+01  0.152085E-04 -0.210311E-04 -0.227374E-12
  0.152588E-04 -0.976391E+04 -0.982173E-05  0.332933E+04 -0.255741E-04  0.207365E-08
  0.976390E+04  0.171661E-03  0.183493E-03  0.106804E-04  0.332932E+04 -0.552973E-09
 -0.109139E-09  0.106775E-08  0.177636E-14 -0.577339E-09 -0.100204E-09  0.139321E-08
 4.1000
  0.223653E+05  0.762939E-04 -0.456572E-04  0.100970E-03  0.989272E+04 -0.931323E-09
  0.915527E-04  0.223653E+05  0.204891E-05 -0.989273E+04 -0.159144E-04 -0.525324E-08
  0.109673E-04  0.000000E+00 -0.378606E+01 -0.238698E-05 -0.924245E-05  0.000000E+00
 -0.190735E-04 -0.986635E+04 -0.470493E-06  0.346026E+04  0.457042E-04  0.118234E-08
  0.986633E+04  0.572205E-04  0.104478E-03  0.896561E-05  0.346025E+04  0.873115E-10
 -0.720320E-09 -0.558794E-08 -0.532907E-14  0.363370E-09  0.118838E-11  0.138697E-08
 4.2000
  0.207413E+05  0.381470E-04  0.125885E-03  0.467077E-04  0.990854E+04 -0.139698E-08
  0.381470E-03  0.207414E+05 -0.592321E-06 -0.990857E+04  0.109076E-04 -0.416185E-08
  0.656843E-04  0.396371E-05 -0.414585E+01 -0.586733E-07  0.214204E-04  0.227374E-12
 -0.152588E-03 -0.991958E+04  0.273809E-06  0.358020E+04  0.159852E-04  0.136788E-08
  0.991956E+04 -0.305176E-04  0.257827E-04 -0.417419E-05  0.358019E+04  0.523869E-09
  0.145519E-10  0.150976E-08  0.532907E-14 -0.362642E-08 -0.532781E-09  0.134656E-08
 4.3000
  0.192905E+05 -0.198364E-03 -0.439525E-03 -0.299886E-04  0.966848E+04  0.232831E-09
 -0.343323E-03  0.192905E+05  0.929460E-06 -0.966851E+04 -0.156149E-03 -0.436557E-09
  0.809431E-04  0.484288E-05 -0.336876E+01  0.135042E-05  0.286326E-04  0.795808E-12
 -0.801086E-04 -0.971665E+04 -0.803731E-06  0.377686E+04  0.739098E-05  0.341970E-08
  0.971662E+04 -0.801086E-04 -0.409387E-03  0.155959E-04  0.377685E+04  0.145519E-09
 -0.218279E-09  0.454747E-10 -0.177636E-14 -0.108580E-08 -0.532632E-10  0.133492E-08
 4.4000
  0.177907E+05 -0.106812E-03 -0.563771E-03 -0.602752E-04  0.951893E+04 -0.186265E-08
 -0.534058E-04  0.177908E+05  0.251457E-05 -0.951895E+04  0.101618E-03 -0.612636E-08
  0.128865E-03  0.891834E-05 -0.265103E+01  0.264170E-05  0.555608E-04 -0.113687E-12
  0.000000E+00 -0.949629E+04  0.783242E-06  0.403428E+04 -0.452641E-04  0.211003E-09
  0.949627E+04  0.137329E-03 -0.583105E-03  0.176094E-04  0.403426E+04 -0.232831E-09
  0.436557E-10 -0.104001E-07  0.000000E+00  0.501265E-08 -0.458593E-10  0.156151E-08
 4.5000
  0.166777E+05 -0.205994E-03  0.491545E-03 -0.313967E-04  0.910902E+04  0.989530E-09
  0.457764E-04  0.166777E+05  0.245124E-05 -0.910906E+04 -0.106618E-04 -0.614091E-08
  0.612736E-04  0.739098E-05 -0.199672E+01 -0.406080E-05  0.153556E-04  0.227374E-12
 -0.419617E-04 -0.908087E+04 -0.849832E-07  0.422210E+04  0.621458E-04  0.227737E-08
  0.908087E+04 -0.495911E-04  0.259334E-03  0.764662E-04  0.422210E+04 -0.582077E-10
  0.174623E-09 -0.894943E-08 -0.444089E-14  0.163078E-07  0.144735E-09  0.202627E-08
 4.6000
  0.156697E+05  0.152588E-04 -0.270497E-03 -0.287117E-04  0.870110E+04  0.174623E-09
 -0.129700E-03  0.156698E+05  0.233762E-06 -0.870112E+04  0.566863E-04  0.228465E-08
  0.357628E-04  0.554323E-05 -0.197921E+01  0.100530E-04  0.272635E-04 -0.227374E-12
  0.190735E-04 -0.867197E+04 -0.114786E-06  0.442072E+04 -0.642627E-04 -0.960426E-09
  0.867196E+04 -0.839233E-04 -0.241809E-03 -0.258330E-04  0.442071E+04 -0.232831E-09
 -0.509317E-09 -0.568252E-08  0.222045E-15  0.261629E-08 -0.194902E-10  0.270946E-08
 4.7000
  0.147406E+05 -0.183105E-03  0.610203E-04  0.202031E-03  0.827801E+04 -0.174623E-09
 -0.312805E-03  0.147407E+05 -0.616070E-06 -0.827802E+04 -0.499189E-06  0.112777E-08
 -0.110745E-03  0.283122E-05  0.337200E+01  0.123628E-04 -0.484232E-04 -0.682121E-12
  0.343323E-04 -0.826601E+04  0.260770E-07  0.457696E+04 -0.978461E-04 -0.186265E-08
  0.826599E+04 -0.724792E-04 -0.994820E-04  0.254177E-04  0.457695E+04  0.407454E-09
  0.247383E-09 -0.413820E-08  0.000000E+00  0.939594E-09 -0.465770E-10  0.399570E-08
 4.8000
  0.139262E+05 -0.152588E-04 -0.207134E-03  0.772811E-04  0.789686E+04  0.523869E-09
  0.762939E-04  0.139262E+05 -0.185799E-05 -0.789687E+04 -0.441913E-04 -0.159343E-08
 -0.234842E-04  0.485778E-05  0.129652E+01 -0.170215E-04  0.760332E-05  0.227374E-12
 -0.190735E-04 -0.789133E+04  0.178814E-06  0.467360E+04 -0.107926E-04 -0.771252E-09
  0.789132E+04  0.762939E-04 -0.129122E-03 -0.795424E-04  0.467359E+04  0.291038E-09
  0.247383E-09 -0.303407E-08  0.444089E-15  0.210515E-08 -0.301623E-09  0.616892E-08
 4.9000
  0.130828E+05  0.686646E-04  0.560731E-04 -0.493303E-04  0.760335E+04  0.582077E-09
  0.686646E-04  0.130828E+05 -0.246055E-05 -0.760336E+04 -0.358298E-04  0.163709E-08
  0.231266E-04 -0.312924E-06  0.110680E+01 -0.687770E-05  0.291914E-04  0.341061E-12
 -0.419617E-04 -0.750004E+04 -0.877772E-07  0.471002E+04  0.557080E-04  0.000000E+00
  0.750003E+04 -0.839233E-04  0.160744E-03 -0.103216E-03  0.471001E+04  0.640284E-09
 -0.203727E-09 -0.122600E-08 -0.666134E-15  0.208439E-08  0.667684E-09  0.956661E-08
 5.0000
  0.121195E+05 -0.228882E-04  0.363201E-03  0.230409E-04  0.737750E+04  0.000000E+00
  0.381470E-04  0.121195E+05  0.535510E-06 -0.737752E+04  0.685081E-04  0.861473E-08
  0.122488E-04  0.469387E-06  0.944590E+00  0.701007E-05  0.115959E-04 -0.568434E-13
  0.724792E-04 -0.710596E+04 -0.140513E-06  0.468886E+04 -0.898628E-04 -0.522414E-08
  0.710596E+04  0.102997E-03  0.287292E-03 -0.763522E-05  0.468886E+04  0.174623E-09
 -0.349246E-09  0.444197E-08 -0.111022E-15 -0.825735E-09  0.501514E-10  0.146773E-07
