   3432.307      -1.570775       77015.37      0.1665089     -4.5776367E-04
  4.9476512E-10  3.8146973E-04  4.7206879E-05  5.2809715E-04 -8.5856300E-10
  -92927.46     -0.1985431      5.7298166E-10  1.4961990E-17   7031.375    
  -1.570697       77411.99       1.538527      6.9141388E-04  9.7788870E-09
  1.4686584E-03 -1.7547607E-04  3.3378601E-04  6.6356733E-09  -93309.27    
  -1.828737      7.8216544E-10  3.0357661E-18   10972.37      -1.570513    
   77915.23       6.639790      1.0935465E-03  2.5611371E-08  1.4623005E-03
 -1.9073486E-05 -8.1062317E-05  1.4761463E-07  -93680.49      -7.850214    
  4.0017764E-10  1.4094628E-17   15512.43      -1.570084       78636.80    
   22.45902     -4.6730042E-04 -1.8626451E-09  1.2397766E-04  3.3283234E-04
 -1.0132790E-04  8.0093741E-08  -94279.73      -26.34527     -2.4556357E-10
 -3.4694470E-18   21021.30      -1.569057       79698.97       69.60703    
 -9.5367432E-04 -1.1175871E-08  9.4757080E-03  3.0517578E-04 -1.2073517E-03
 -2.5331974E-07  -95032.66      -80.82299      6.5483619E-11  2.3201926E-17
   27900.85      -1.566603       81096.56       205.1263     -1.3796488E-03
  1.4901161E-07  6.4913430E-03  1.0871887E-03 -3.4650165E-04 -1.4901161E-06
  -96193.27      -235.1536      7.0334255E-10  1.5092094E-16   36453.55    
  -1.561213       82920.70       559.4932      3.7057060E-04 -1.8775463E-06
  9.9127637E-03 -1.0261536E-03 -3.3651080E-04 -1.0907650E-05  -97743.30    
  -631.5339     -4.5734591E-10 -8.3266727E-17   46730.89      -1.550930    
   85323.53       1363.985      5.8174133E-04  1.3828278E-05 -2.1886826E-03
  1.0604858E-03  1.0371208E-03 -1.6093254E-05  -99545.20      -1511.588    
  1.0277290E-09  5.1347815E-16   58356.17      -1.533588       88048.78    
   2963.158     -1.6954211E-04 -2.8848648E-05 -8.4559126E-03  8.7738037E-04
  1.6742283E-04  0.0000000E+00  -101780.3      -3214.669      2.4253194E-10
  1.9428903E-15   71220.30      -1.507057       91226.21       5837.390    
 -6.3323975E-04 -4.4345856E-05  2.5177002E-04 -1.1138916E-03 -1.5068054E-04
  2.0980835E-05  -103934.8      -6176.253      5.6024874E-10  4.6629367E-15
   84773.09      -1.468934       94365.66       10601.26     -2.0113858E-04
  2.8610229E-05  2.9823996E-04 -2.5939941E-04 -1.0160966E-03 -9.9182129E-05
  -106010.1      -10899.96      5.0270249E-10  3.5527137E-15   98553.75    
  -1.417474       97119.53       17911.63     -1.2588501E-03  1.2588501E-04
  1.1841456E-03 -5.0354004E-04  1.9677479E-03 -2.4795532E-05  -107257.1    
  -17818.19     -1.1277734E-09  3.3750780E-14   111791.1      -1.351617    
   98855.35       28304.52     -7.8641454E-04 -7.2479248E-05  1.4981055E-03
 -8.4686279E-04  1.8633329E-03 -3.2424927E-04  -107088.2      -27118.79    
  1.4887729E-09  6.2172489E-15   123096.4      -1.270932       98649.10    
   41872.80      3.0517578E-04 -2.1743774E-04  1.7172950E-03 -7.0953369E-04
  4.3324064E-04 -3.2424927E-04  -105118.8      -38465.34     -4.7813437E-10
 -2.5934810E-13   131337.4      -1.178292       95957.41       57802.45    
 -3.0517578E-05 -1.0681152E-04  9.8419189E-04 -1.8768311E-03  1.3732910E-04
  2.1362305E-04  -100747.3      -50601.03     -3.8805106E-10 -1.9895197E-13
   135289.1      -1.076840       90488.20       74513.12      1.8119812E-04
  3.5095215E-04  5.7935715E-04 -3.8909912E-04  7.4863434E-04  4.7302246E-04
  -94119.46      -61768.57     -7.3669071E-10  1.3073986E-12   134294.6    
 -0.9716269       82675.49       89828.09      2.5132124E-04 -7.8582764E-04
  1.1780682E-03  4.0054321E-03 -6.3952277E-05  3.9672852E-04  -86194.66    
  -70064.10      3.5951789E-10  9.6633812E-13   128364.4     -0.8681029    
   73455.03       101710.5      1.2885201E-03  1.2817383E-03  1.5131633E-03
  1.6326904E-03 -1.6005834E-03  8.2397461E-04  -77798.99      -73959.26    
  4.1230427E-10 -1.9895197E-13   118193.1     -0.7703221       64024.56    
   109095.2     -4.6579461E-04  6.2561035E-04  2.3048802E-03  3.3569336E-03
  1.0886946E-03  1.3885498E-03  -70346.62      -73392.49      9.9565738E-11
 -2.6147973E-12   104776.8     -0.6819391       55353.75       111766.3    
 -4.9591064E-04 -9.1552734E-04  1.5144348E-03  3.5934448E-03  1.5640259E-04
 -5.1879883E-04  -64393.81      -68933.86      5.6752469E-10  1.3073986E-12
   89598.41     -0.6032412       48076.46       110751.0      3.9600194E-04
 -1.0986328E-03  1.1335101E-03  1.0719299E-03  5.7947071E-04  8.3923340E-05
  -60172.45      -61709.62     -9.7012773E-11  1.3500312E-13   73457.77    
 -0.5340410       42297.43       106877.8      3.0517578E-04  1.0375977E-03
 -1.7339532E-03 -5.0735474E-04 -1.0403719E-04 -8.3923340E-05  -57631.57    
  -53058.83      2.1166421E-10 -1.4210855E-14   57203.29     -0.4741666    
   38010.12       101176.3      1.7746635E-04  7.4768066E-04 -2.1594504E-03
  1.5182495E-03  1.4164137E-03 -5.3405762E-05  -56475.47      -43907.94    
  1.6449991E-10 -1.7053026E-12   41402.64     -0.4219832       35021.56    
   94514.82     -9.2188515E-05  1.3122559E-03  2.0281472E-03  2.7065277E-03
 -3.0517578E-04  2.2125244E-04  -56390.80      -34975.01     -2.6678509E-10
  5.6843419E-14   26399.11     -0.3740608       33037.60       87452.41    
  8.7738037E-05 -6.5612793E-04 -2.3590089E-03 -5.1689148E-04  3.2348634E-04
  1.0681152E-04  -57043.78      -26900.15      7.2177497E-10 -1.0231815E-12
   12471.46     -0.3214553       31857.79       80359.39      9.3900242E-05
 -4.2724609E-04  1.9161518E-03  1.1024475E-03 -6.9251430E-04 -1.6021729E-04
  -58156.13      -19638.91      4.4775125E-11 -6.6222583E-12   454.3812    
   1.760855       31285.52       73603.85      2.9952437E-04  7.9345703E-04
 -4.3445164E-03 -1.2950897E-03 -5.5101182E-04  1.0299683E-04  -59541.62    
  -13510.52      5.1740140E-10 -6.4801498E-12   11576.64       2.810572    
   31155.48       67260.64     -1.9252300E-04  2.1362305E-04 -2.0449501E-03
 -8.7308884E-04 -6.5394808E-05 -3.2424927E-05  -61070.83      -8259.364    
 -5.8207661E-10  6.5938366E-12   21497.22       2.848899       31320.01    
   61403.75     -1.4535311E-04  3.3569336E-04 -3.6121237E-03 -7.9631805E-05
 -1.9994275E-04 -1.6212463E-05  -62620.80      -4024.280      9.0322229E-11
  9.0949470E-12   29954.77       2.873105       31700.28       56079.96    
  2.4159749E-04 -1.0681152E-04 -3.1102498E-03  2.0402670E-04  9.2315674E-04
 -2.3841858E-06  -64112.37      -636.7208      6.7908940E-10 -1.1823431E-11
   36918.29       2.891720       32202.21       51303.75      1.9565706E-04
 -2.2888184E-04 -3.6781067E-03 -6.7901611E-04 -5.5374642E-04  2.3841858E-07
  -65459.02       1949.725      2.6287331E-10 -1.5461410E-11   42370.95    
   2.907017       32801.34       47000.31      3.0994415E-05 -4.2724609E-04
 -6.5445900E-04 -4.9829483E-05 -5.0067902E-04 -2.6702881E-05  -66744.30    
   4033.537     -3.6379788E-10 -1.8189894E-12   46304.42       2.919808    
   33421.71       43103.64     -3.7857980E-04  0.0000000E+00  5.4330536E-05
  1.8376112E-04  3.2598322E-04  9.9182129E-05  -67850.61       5591.644    
 -3.5277371E-11 -1.3642421E-10   48791.61       2.930851       34064.89    
   39685.54     -2.5973600E-04 -6.2561035E-04  1.1028963E-03 -1.4781952E-05
 -2.8946818E-04  1.7166138E-05  -68870.33       6635.510      0.0000000E+00
  6.1845640E-11   49776.66       2.939558       34691.95       36478.50    
 -2.0054409E-04  2.2888184E-04  6.1471120E-04  5.3405762E-05  1.3950893E-04
 -7.6293945E-05  -69738.47       7555.170     -1.3637224E-09  2.4374458E-10
   49352.15       2.945306       35331.02       33548.29     -4.3339201E-04
  3.0517578E-05  1.5746224E-03  4.9352646E-05  8.1592140E-04 -7.2479248E-05
  -70521.73       8298.863      1.4551915E-10  2.1827873E-11   47551.03    
   2.950194       35950.04       30845.95      5.8148359E-04 -9.9182129E-05
  1.1619362E-03  2.2888184E-05 -1.4021590E-03 -4.5776367E-05  -71237.34    
   8854.128      7.8659003E-11  8.0035534E-11   44759.56       2.948525    
   36590.96       28401.19      1.1845639E-04  2.5939941E-04  4.6278301E-04
  6.8783760E-05  4.8185649E-04 -4.9591064E-05  -71850.90       9383.069    
 -9.1906836E-11  2.4010660E-10   38249.96      -3.070452       35422.04    
   24925.00      3.1691330E-04 -5.3405762E-05 -6.2991411E-04  3.8862228E-05
 -1.3400347E-04 -2.8610229E-05  -73045.26       9107.769      2.5372571E-10
 -2.8376235E-10   35868.62       2.988376       37517.62       24200.55    
  5.2547455E-04  7.6293945E-05 -2.7036667E-04 -1.1920929E-05 -6.6757202E-05
  1.5258789E-05  -73013.41       9763.901     -6.9849193E-10 -1.0913936E-10
   30397.50       2.986310       38103.97       22365.26     -2.0748231E-04
  9.1552734E-05  8.9273223E-04  1.0967255E-05 -1.3956209E-04 -1.9073486E-05
  -73476.34       9866.330      0.0000000E+00 -7.2031980E-10   24414.04    
   2.988246       38652.87       20741.34     -5.5313110E-04  3.8146973E-04
  2.3496719E-03  6.5684319E-05  1.3351440E-04 -1.5258789E-04  -73937.34    
   9919.560     -7.6224321E-10  1.4551915E-11   18024.34       2.992054    
   39156.88       19290.49     -8.6939610E-05 -3.4332275E-04 -1.8128683E-03
  8.0943108E-05 -3.8058258E-04 -8.0108643E-05  -74315.72       9716.618    
 -6.6329658E-10 -2.1827873E-10   11553.30       2.992202       39653.96    
   17790.73     -2.0373950E-04 -5.3405762E-05 -1.6472556E-04  1.2886524E-04
  2.6009300E-06  0.0000000E+00  -74679.20       9496.269      4.1009943E-10
  4.3655746E-11   5369.532       2.996489       40096.36       16677.66    
 -5.0693087E-04  4.5776367E-05 -1.3601515E-03  6.1273575E-05 -5.8407255E-04
 -4.1961670E-05  -74991.98       9080.870     -7.7610217E-11  1.7462298E-10
   348.1278     -0.1422327       40511.27       15669.74      5.3571619E-04
 -1.2969971E-04 -1.7613950E-03  3.5762787E-05  7.8781792E-05  1.9073486E-05
  -75272.38       8671.957      7.3392270E-10 -5.0931703E-10   5382.770    
 -0.1394325       40896.77       14740.63     -4.8698266E-06 -3.1280518E-04
 -1.1297998E-03 -1.1074543E-04  6.6554298E-05  3.4332275E-05  -75520.70    
   8265.990      8.5453805E-10  2.4738256E-10   9538.540     -0.1328627    
   41247.03       13926.16     -4.6332675E-04  7.6293945E-05  1.5739599E-03
 -2.3484230E-05  1.5815099E-04 -1.9073486E-05  -75755.65       7891.316    
 -4.8506383E-11  2.4738256E-10   12612.81     -0.1214382       41549.58    
   13082.83      3.0206173E-04  6.8664551E-05  7.3316146E-04  2.3126602E-05
  8.0497895E-04 -4.1961670E-05  -76008.84       7500.034     -1.1166368E-09
 -2.0372681E-10   14427.38     -0.1044120       41814.43       12119.54    
  4.4631958E-04  3.8146973E-05  1.9643784E-03  1.2248755E-05 -1.2424469E-03
  7.2479248E-05  -76220.84       7105.959      1.3969839E-10 -3.4924597E-10
  8.1621045E-05  -1.393882     -1.1444092E-04 -1.1641532E-10   77015.30    
  0.1664906     -2.1088123E-03  9.9539757E-06   92927.30      0.1985839    
 -3.4332275E-04 -1.1641532E-09 -1.6314061E-08  5.3931941E-12  2.4537803E-04
   1.286924      3.1948090E-04 -9.3132257E-10   77411.98       1.538505    
  1.1515617E-03 -3.0815601E-05   93309.09       1.828900     -2.8610229E-04
 -8.6147338E-09 -1.8403625E-08  1.2534045E-11  2.5802001E-04  -2.074125    
  6.9936112E-05  2.6542693E-08   77915.16       6.639638     -1.1603037E-03
  1.4901161E-05   93680.36       7.850214     -2.9087067E-04  2.6542693E-08
 -1.0847240E-08  3.4489283E-11  6.7121908E-04   2.170522     -1.3351440E-04
 -3.2223761E-07   78636.76       22.45927      6.4659119E-03 -1.3566017E-04
   94279.64       26.34523     -5.9127808E-04  2.7008355E-07 -6.3982952E-09
 -2.6724461E-11  1.2597009E-03   2.143680      1.6784668E-04 -1.4267862E-06
   79698.98       69.60728      1.7604828E-03 -1.5425682E-04   95032.48    
   80.82250      1.4686584E-04  8.7171793E-07 -1.2697456E-08  7.8086593E-11
  5.7762128E-04   1.357858      6.9936112E-05  1.5795231E-06   81096.52    
   205.1263     -1.0434786E-03 -6.1798096E-04   96193.10       235.1528    
 -5.4836273E-04  1.0579824E-06 -1.5522043E-09 -1.1850947E-10  3.5559139E-04
   2.613132     -7.2479248E-04  1.9371510E-06   82920.67       559.4908    
 -1.1512211E-04 -1.7356873E-04   97743.17       631.5320      1.1525835E-03
 -1.4305115E-06 -5.3296390E-09  8.2545130E-11  2.9178401E-03  0.6969981    
  5.7220459E-05  2.7537346E-05   85323.36       1363.983     -9.2267990E-04
  2.8133392E-04   99544.97       1511.588     -2.3841858E-05 -3.5762787E-07
 -1.6621016E-09 -3.6269873E-10  1.1373701E-03  -2.749253     -6.8664551E-04
  3.0994415E-05   88048.68       2963.160      9.9288090E-04  2.0027161E-04
   101780.1       3214.665     -6.0399377E-04  2.5272369E-05  3.6753693E-09
  3.1234829E-10  7.3354519E-03  -1.326827     -4.1961670E-04  4.7683716E-07
   91225.97       5837.383     -1.8839836E-03  6.1607361E-04   103934.5    
   6176.241     -2.0217896E-04 -5.1021576E-05  1.5829755E-08  1.3501947E-09
  7.0951199E-03   1.833771      8.2536176E-04 -8.2969666E-05   94365.43    
   10601.24      3.0560925E-04 -2.7656555E-05   106009.7       10899.93    
 -3.3638693E-04 -6.5803528E-05  2.9203047E-09  1.3906114E-09  5.0489311E-03
  -1.789568     -1.5894571E-04  1.9454956E-04   97119.34       17911.62    
 -1.2189150E-03 -6.9618225E-04   107256.6       17818.14     -3.8464862E-04
  9.5367432E-06 -8.8145189E-09  3.0405700E-10  1.3867478E-02   1.285176    
 -1.1737530E-05  7.6293945E-06   98855.12       28304.47      8.8069664E-04
 -3.5858154E-04   107087.8       27118.71     -2.0129865E-03  4.7683716E-05
 -2.4346474E-09  1.6574440E-09  1.1340626E-02  -1.940512      1.0136196E-03
 -3.4332275E-05   98648.90       41872.75     -7.1542605E-04 -1.1825562E-03
   105118.4       38465.25      3.5149712E-04  9.1552734E-05 -4.7072848E-09
  2.2430502E-09  1.8234814E-03  -2.068599      5.0862629E-05 -5.9509277E-04
   95957.28       57802.36      1.9645691E-04  2.3517609E-03   100746.8    
   50600.91     -2.1616618E-04 -5.6838989E-04 -1.6530976E-08 -2.5772380E-09
  1.0189039E-02   1.148181      4.7683716E-05  8.0871582E-04   90487.92    
   74513.03      6.3776970E-05  1.4495850E-04   94119.07       61768.38    
 -2.6226044E-04  1.5258789E-04 -2.6120688E-08 -1.0771590E-08  1.6638698E-02
  -1.439161      4.3083637E-04 -8.6975098E-04   82675.30       89827.93    
  4.4121459E-04 -1.2321472E-03   86194.34       70063.85      7.1693870E-04
  2.5177002E-04  3.4036500E-09  9.6226032E-09  9.3338760E-03  0.7062768    
  5.3405762E-04 -1.7395020E-03   73454.77       101710.3      5.5631004E-05
 -1.8234253E-03   77798.66       73959.03      9.8440389E-04 -3.9672852E-04
  6.2057857E-09  1.8638893E-08  5.1254090E-03  1.1908629E-02 -1.6463430E-04
  4.7302246E-04   64024.27       109094.9      3.7996392E-04  1.1663437E-03
   70346.26       73392.29      1.0289644E-04  4.0435791E-04 -7.8522904E-09
 -1.1841763E-09  2.3084510E-02  -1.371764     -1.9073486E-04  5.0354004E-04
   55353.52       111766.1      2.3889542E-04  9.9372864E-04   64393.51    
   68933.66      3.2138824E-04  1.2207031E-04  1.3113095E-08  2.6726184E-08
  2.3694580E-02   1.483982      9.8092220E-05 -3.3569336E-04   48076.27    
   110750.8     -1.4486768E-04 -2.8228760E-04   60172.17       61709.37    
  6.6303072E-04  8.1634521E-04 -9.3894503E-10  1.4363334E-08  5.8969641E-03
  -1.235953     -2.9130414E-04 -1.5258789E-03   42297.28       106877.6    
  1.1461431E-03 -4.3725967E-04   57631.31       53058.58     -5.2018597E-05
  4.6539307E-04 -8.0366258E-10  5.6667133E-09  1.1886286E-02   1.642104    
  1.2936800E-04  3.5095215E-04   38010.00       101176.1      2.8776086E-04
 -4.1580200E-04   56475.21       43907.65     -6.7005988E-04 -3.6621094E-04
 -5.1058242E-09 -4.3299551E-09  1.1941892E-04   1.107149     -5.5631001E-05
  1.0681152E-04   35021.48       94514.70      1.2437502E-04 -7.2956085E-05
   56390.61       34974.78      5.0226843E-04  9.9182129E-05 -1.5159760E-08
 -2.1583539E-08  8.4167579E-03  -1.667940      5.2185060E-04 -3.6621094E-04
   33037.52       87452.30      3.0899048E-04 -5.4550171E-04   57043.65    
   26899.94      4.5776367E-05 -2.8228760E-04 -1.3856334E-08 -7.5397324E-09
  6.1363290E-04 -0.6708575      9.5367432E-05 -1.2207031E-04   31857.71    
   80359.36      1.2874603E-04 -2.5558472E-04   58155.96       19638.71    
  5.2232010E-04  4.9591064E-05 -8.6276071E-09 -1.9689814E-09  1.9220018E-03
   1.289225     -4.8319498E-04  1.3427734E-03   31285.46       73603.77    
 -8.2722417E-04 -3.5524368E-05   59541.43       13510.34     -2.2605613E-05
  1.1825562E-04 -2.5600591E-09 -1.5786433E-08  8.4657548E-03  -1.624895    
  1.4390264E-05  1.8310547E-03   31155.41       67260.59      8.4945135E-04
 -2.0980835E-05   61070.71       8259.194      2.1253314E-04 -2.0980835E-05
 -1.1599956E-08 -2.1176504E-08  2.4190354E-03  -1.488703     -1.0161564E-04
 -5.0354004E-04   31319.97       61403.74      1.1148123E-03 -1.2397766E-05
   62620.69       4024.149      2.3940513E-04  5.7220459E-06 -1.1527375E-08
 -1.5951684E-09  5.4318933E-03  -2.030675      4.7238669E-04 -6.5612793E-04
   31700.21       56079.93      2.3285548E-04  1.9587576E-05   64112.25    
   636.6219      1.9327800E-04  5.7220459E-06 -5.4800089E-09  1.6413082E-08
  5.2779480E-03  -3.069616      2.3257348E-04 -1.5258789E-05   32202.21    
   51303.81      5.3959509E-04  8.1896782E-05   65458.98      -1949.786    
  2.1903747E-04  2.8133392E-05 -5.7257092E-09 -3.0603360E-09  9.3441398E-04
   2.179181      2.8431416E-04  8.3923340E-04   32801.33       47000.49    
  5.6907535E-04  1.3470650E-05   66744.20      -4033.624      2.5033951E-04
  2.8610229E-06 -1.3437784E-08 -1.3420731E-08  4.6112100E-03   1.212413    
 -3.4447873E-04  8.0871582E-04   33421.63       43103.85     -9.2304114E-04
 -2.1077693E-05   67850.51      -5591.797      3.0517578E-04  2.2888184E-05
 -1.2135415E-08 -8.9676178E-10  3.2219845E-03 -0.1987307     -7.4050004E-05
 -2.2888184E-04   34064.84       39685.70     -5.0320342E-04  1.3291836E-05
   68870.22      -6635.592      4.2859244E-04 -1.5258789E-05 -6.3322227E-09
 -7.5679054E-09  2.1397152E-03   1.627877      3.5967147E-05 -7.4768066E-04
   34691.88       36478.59      5.2683696E-04 -7.8082085E-06   69738.35    
  -7555.217     -7.1934293E-05 -1.1444092E-05 -2.6297389E-09 -3.7866812E-09
  1.9935360E-03  -1.865919      8.0532503E-05  4.8828125E-04   35330.94    
   33548.36     -4.6703551E-04 -4.1723251E-06   70521.64      -8298.908    
  7.8837079E-04  1.9073486E-04 -1.0006463E-08 -1.0500116E-08  2.4708405E-03
 -0.7810314     -1.6083589E-04 -3.6621094E-04   35949.99       30846.02    
 -1.3935243E-03  4.2468309E-06   71237.22      -8854.167      2.1032385E-04
 -1.9073486E-05 -1.1049623E-08  7.7716322E-09  1.6126742E-03   2.571961    
  5.1197254E-05 -3.8909912E-04   36590.95       28401.22     -5.4648047E-04
  3.5762787E-06   71850.80      -9383.093     -8.2317150E-05  2.2888184E-05
 -9.9144497E-09 -6.6211214E-09  3.0403545E-03  -1.520431     -3.4625712E-04
 -6.4849854E-05   35421.99       24924.85      2.3068525E-03 -2.1755695E-06
   73045.21      -9107.757     -1.3693785E-03 -7.6293945E-05 -1.0031493E-08
 -4.4183253E-09  4.0139607E-04   2.988943      2.0980835E-05  2.2125244E-04
   37517.58       24200.56      1.1415482E-03 -9.4175339E-06   73013.30    
  -9763.913      2.6321411E-04  1.7166138E-04 -8.8075467E-09  1.0677468E-09
  1.6182996E-03   2.932640     -2.9401082E-04  7.6293945E-05   38103.94    
   22365.29     -8.2899886E-04  0.0000000E+00   73476.24      -9866.352    
 -9.2855317E-04  5.7220459E-05 -5.8775540E-09 -5.5879354E-09  1.0773396E-03
  0.2724631     -1.4623007E-04  3.8146973E-05   38652.82       20741.38    
  1.6209058E-03  3.9637089E-06   73937.20      -9919.582     -3.2152451E-04
 -3.0517578E-05 -9.7757695E-09  1.5097612E-09  1.7233822E-04   1.087349    
 -8.6939610E-05 -1.9836426E-04   39156.82       19290.54     -2.9270037E-04
  4.8428774E-06   74315.61      -9716.653      2.1380046E-04 -8.0108643E-05
 -3.7327355E-09  4.5474735E-11  7.9836609E-04   2.769959      2.9477206E-04
 -1.0681152E-04   39653.90       17790.77      4.4730576E-04  8.9183450E-06
   74679.06      -9496.291     -9.5887616E-04  1.3732910E-04 -5.9580172E-09
 -1.0400072E-08  1.0742493E-03  -2.351800     -1.4156765E-04 -2.0599365E-04
   40096.32       16677.71     -1.1656019E-06  7.3909760E-06   74991.84    
  -9080.869      5.8492023E-04 -4.9591064E-05 -8.2299167E-10 -8.9494279E-09
  7.7804865E-04   1.124691     -2.1561333E-05  1.5258789E-05   40511.24    
   15669.76     -6.7938928E-04  5.5432320E-06   75272.23      -8671.970    
  1.7746635E-04 -8.3923340E-05 -1.0882302E-08 -5.6825229E-09  9.7584695E-04
  -1.743657      1.4041334E-04 -1.8310547E-04   40896.74       14740.67    
 -3.2683637E-04  2.8312206E-06   75520.58      -8266.009     -3.1735035E-04
 -7.2479248E-05 -1.8168222E-08 -4.1382009E-09  3.8177479E-04 -3.9978687E-02
 -4.5379001E-04 -1.5258789E-05   41247.02       13926.20      4.1971603E-04
  4.8577785E-06   75755.52      -7891.334     -8.9804328E-04  7.6293945E-05
 -8.0975342E-09 -3.0340743E-09  1.3818737E-03   1.100976      1.9151338E-04
  6.8664551E-05   41549.54       13082.85     -2.5286965E-04 -3.1292439E-07
   76008.75      -7500.041     -3.8224822E-04 -8.3923340E-05 -1.3268971E-08
 -1.2259989E-09  3.8850028E-04   2.801211      7.6293946E-07 -2.2888184E-05
   41814.37       12119.55      5.1338674E-04  4.6938658E-07   76220.73    
  -7105.965      1.2386322E-03  1.0299683E-04 -1.4572288E-08  4.4419721E-09
   336.9290      -3.082652      2.1934509E-03  4.1523104E-05  2.7358532E-04
 -5.4387783E-10   36148.36       198.0058      4.6312809E-04 -5.1077222E-09
  7.8248978E-03  4.1067382E-05  5.6843419E-13 -8.1315163E-19   1315.140    
  -3.077128     -3.9100647E-03 -9.0030371E-05 -5.6743622E-04 -6.6793291E-09
   35437.06       422.0234     -3.7133694E-04 -6.3271727E-08  1.1959076E-02
  1.5595695E-04  5.6843419E-13 -3.6591823E-19   2912.370      -3.068552    
 -3.4904478E-03 -2.0025996E-04  4.5299530E-05 -2.7229544E-07   35106.74    
   704.0269     -6.6757202E-05  3.1956006E-07 -9.0916950E-04  2.4029985E-05
 -7.5791223E-13 -5.4210109E-19   5092.806      -3.054792     -1.2798309E-02
 -7.6268241E-04  5.1915646E-04  2.3120083E-07   34877.54       1092.102    
 -4.5180321E-04  1.8859282E-07  8.6617470E-03 -5.3672120E-05  0.0000000E+00
  7.5894152E-19   7783.948      -3.033684     -1.5884399E-02 -2.1766573E-03
 -9.9897385E-04 -3.5576522E-07   34643.23       1646.589     -8.5735321E-04
  9.6391886E-07  5.1692963E-02  5.7524815E-03  0.0000000E+00  2.2768246E-18
   10808.83      -3.004026     -1.3710657E-02 -3.2643378E-03 -1.2596448E-04
 -1.3243407E-06   34203.40       2395.487     -2.6941299E-04 -3.8668513E-06
  4.1888554E-02  6.8717301E-03  0.0000000E+00  4.3368087E-19   13882.63    
  -2.968271     -1.3950893E-02 -3.1893849E-03 -5.7629176E-04 -8.8289380E-06
   33436.99       3248.199      9.2676707E-04  5.3644180E-07  7.6623648E-02
  1.5019953E-02  1.2992782E-12 -2.3635607E-17   16724.91      -2.931541    
 -3.7469864E-02 -1.4537215E-02  1.2677908E-03  1.5348196E-06   32422.77    
   4011.453      5.2094460E-04  3.8370490E-05  7.5116158E-02  1.7962217E-02
 -2.2737368E-12 -2.4286129E-17   19176.25      -2.897203     -6.1098736E-02
 -4.5252085E-02  7.5870095E-04  3.4302473E-05   31376.58       4536.729    
  4.1749745E-04 -5.0544739E-05  7.2360568E-02  5.4968596E-02 -1.5158246E-12
 -5.2041704E-17   21170.53      -2.866341     -4.0454865E-02 -3.9310455E-02
  2.7465820E-04 -9.5546246E-05   30502.24       4775.458      2.7561188E-04
 -1.0675192E-04  5.4199219E-02  5.3600788E-02 -4.5474735E-13  0.0000000E+00
   22520.61      -2.837310     -2.3044240E-02 -2.2219658E-02 -4.3002042E-04
  1.3995171E-04   29638.57       4710.462      6.1858783E-04 -5.4478645E-05
  6.9240220E-02  5.4149628E-02 -4.1340667E-13  1.1102230E-16   23306.91    
  -2.810575     -1.3472239E-02  1.0681152E-04  4.7763187E-04 -3.6478043E-05
   29059.70       4403.373     -2.1815299E-04  5.7697296E-05  5.1520664E-02
  3.9892197E-02  1.1368684E-12 -2.2204460E-16   23549.63      -2.786222    
  8.8031476E-05  7.7171326E-03  3.0224142E-04  6.0796738E-05   28771.36    
   3957.158      3.1361214E-04 -3.2949448E-04  3.9878259E-03 -4.7702789E-03
  0.0000000E+00 -8.8817842E-16   23120.20      -2.763131      8.9917863E-03
  1.1152267E-02 -2.7247838E-06 -2.0503998E-04   28516.56       3312.670    
  1.3794217E-04 -2.5987625E-04 -2.8830938E-02 -2.6327133E-02 -6.4963909E-13
 -4.4408921E-16   22266.24      -2.741525      5.7830811E-03  3.1433105E-03
  5.1498413E-04  4.3678284E-04   28558.89       2763.966     -2.7084351E-04
  2.8181076E-04 -2.0487467E-02 -2.1457672E-02  3.6379788E-12  6.2172489E-15
   20912.50      -2.722353      3.6430359E-03  6.1340332E-03 -6.6280365E-04
  8.7738037E-05   28599.65       2082.856      5.1528215E-04 -3.0803680E-04
 -1.2998581E-02 -4.3945313E-03  0.0000000E+00 -1.0658141E-14   19247.70    
  -2.704204     -1.3508516E-03  2.1591187E-03  2.1485721E-04  4.3869019E-05
   28749.59       1569.069     -3.9577484E-04 -8.6450577E-04  1.8759334E-03
 -4.1618347E-03 -3.2099811E-12  3.5527137E-15   17401.69      -2.688289    
 -2.1764967E-03  1.4610291E-03  2.3365021E-04 -6.9141388E-05   28978.61    
   1192.228      1.3984574E-03 -7.1716309E-04  2.2248162E-02  1.7395020E-03
 -1.0105497E-12 -3.9968029E-15   15359.61      -2.675173     -1.4608283E-02
  4.2381287E-03 -2.2336057E-05  3.8957596E-04   29145.01       717.3473    
 -1.3356460E-03  6.7234039E-05  4.2901292E-02  1.3439178E-02  4.7868144E-13
  0.0000000E+00   13353.49      -2.663333     -2.0740509E-02  5.1155090E-03
 -4.1723251E-05 -9.9182129E-05   29341.99       588.3974      5.3668022E-04
  2.1433830E-04  6.6385269E-02  1.9704819E-02 -9.0949470E-13 -8.8817842E-15
   11382.73      -2.654821     -2.0813717E-02  3.1871796E-03  5.1135110E-04
 -2.0694733E-04   29522.06       360.5284      1.9809180E-03  2.0527840E-04
  6.0462955E-02  1.6027451E-02  0.0000000E+00 -4.7739590E-15   9516.190    
  -2.648416     -1.5283064E-02 -1.6956329E-03 -1.1183999E-04  2.9444695E-04
   29671.54       188.0426     -8.1994315E-04  1.1110306E-04  4.1762263E-02
  7.1964264E-03 -8.2681334E-13 -3.5527137E-15   7840.720      -2.642863    
 -1.0785642E-02 -1.9073486E-04  4.6232472E-05  4.5061111E-05   29789.49    
   180.2079     -1.6958818E-04  8.6426735E-05  2.9361559E-02  4.8193932E-03
  2.3725950E-12 -2.2204460E-15   6351.610      -2.639977     -6.5708156E-03
 -1.1444092E-04 -2.0543733E-04  4.6968460E-05   29898.70       119.0470    
  1.6764799E-03  6.1929226E-05  2.9252369E-02  3.1733513E-03  1.5158245E-12
 -1.7763568E-15   5062.175      -2.637968     -9.4238278E-03  7.8868866E-04
 -6.3323976E-05 -1.5401840E-04   29984.93       87.28712     -4.1389465E-04
  7.7366829E-05  2.4301147E-02  2.1672249E-03 -1.8189894E-12  7.1054274E-15
   4002.854      -2.632301     -1.2025100E-02  1.2216568E-03 -2.1677751E-04
  1.4269352E-04   30045.82       106.3954      5.0764822E-04  1.1131167E-05
  3.6695924E-02  1.9085407E-03  6.9961132E-13  0.0000000E+00   3136.042    
  -2.622848     -9.6158627E-03  1.9259453E-03  6.8664551E-04 -2.9802322E-05
   30119.77       70.31039      4.4999298E-04 -9.7602606E-07  1.8629851E-02
  6.5207481E-04  1.3473995E-12 -7.1886941E-15   2447.502      -2.602853    
 -3.4659251E-03  8.3875656E-04  1.5531268E-04 -2.3543835E-05   30166.05    
   60.18290      9.3834742E-04  5.6140125E-06  1.2553079E-02 -2.6899576E-04
 -6.4963909E-13 -8.8817842E-16   2016.725      -2.534576      1.5153555E-03
  7.2002411E-04 -2.8840426E-04 -1.3500452E-05   30186.74       79.58985    
 -1.0796251E-03  9.5553696E-07 -4.6434072E-03 -6.9373846E-04 -1.2544754E-12
  2.2204460E-15   2160.354      -2.356868      1.8005371E-03  1.6329288E-03
 -4.9781799E-04  3.6448240E-05   30214.95       88.49134      9.7815192E-04
  1.5227124E-06 -5.8695474E-03 -1.2863353E-03  3.0316489E-12 -2.6645353E-15
   5981.736       2.183140      6.2511815E-04 -5.6566000E-03 -4.0177378E-04
 -5.0663948E-06   30246.61      -9.667699     -6.6695677E-04  2.5518239E-06
 -2.4044898E-03 -1.5887022E-03  0.0000000E+00 -8.8817842E-15   643.6862    
   2.415608      6.7996979E-03  2.1069050E-03 -1.2010336E-04 -1.0326505E-05
   30303.11       39.52966      2.7686357E-04  8.9290552E-07 -1.2109280E-02
  7.4423384E-04  0.0000000E+00 -1.6875390E-14   376.9052       2.771178    
  9.4789451E-05  9.4747543E-04  6.4329669E-04  9.3877316E-06   30302.35    
   42.38033      7.2565948E-04  9.0338290E-07 -1.8981009E-03  4.8743188E-04
  1.6536268E-12 -7.1054274E-15   264.2905       2.749911      2.3471608E-03
 -1.6808510E-04 -2.3561365E-04  1.5012920E-05   30307.93       37.53626    
  1.7149308E-03 -7.7113509E-07 -6.7093794E-04  9.1016293E-05  0.0000000E+00
  7.9936058E-15   183.0282       2.759515      2.4850029E-03 -3.0773878E-04
 -4.1171483E-04  2.3767352E-06   30332.28       30.13319     -4.8255920E-04
  1.2516975E-06 -1.8412998E-02  3.5390258E-05 -5.1971128E-13  2.2204460E-15
   118.9448       2.852175      1.0617574E-03 -6.2114000E-04 -2.9140050E-05
 -2.7492642E-06   30396.85       19.42369      6.2359706E-04 -6.6868961E-07
 -7.6082018E-03 -2.2548437E-04 -1.5158246E-12 -2.2204460E-16   69.47135    
   3.000165      6.5571553E-04 -3.0070543E-04  7.1809097E-04 -7.6591969E-06
   30414.63       11.21595     -6.5983954E-04 -1.0402873E-06 -3.1466098E-03
 -1.5363470E-04  9.8323747E-13  6.6613381E-16   36.00124       3.111229    
  3.8588676E-03 -2.8860569E-04 -3.4533048E-04 -2.6926398E-05   30422.58    
   5.625128     -3.2901764E-04 -3.2428652E-06 -1.2690895E-02  3.8272142E-04
 -4.7868144E-13  0.0000000E+00   11.92263      -3.139828      3.2356456E-03
  8.5735321E-04  3.9222912E-04 -3.9625168E-04   30445.42      0.9137523    
 -7.4117607E-04  8.9228153E-05 -1.5914135E-02 -1.5058517E-03 -4.6640751E-13
  7.5495166E-15   5.238226      0.4147247     -1.2397766E-03  4.2390823E-04
  1.5783310E-04 -4.3958426E-07   30322.41      -2.247654     -1.1680126E-03
 -9.8217279E-06  1.1865616E-02  1.8349290E-04  2.2737368E-12  1.7763568E-15
   20.97981      0.5020704      3.4276452E-03 -4.5657158E-05 -1.2188423E-04
  2.0489097E-06   30352.55      -3.786062     -4.0635830E-04 -4.7049252E-07
 -1.3887359E-02  1.0447763E-04  0.0000000E+00 -5.3290705E-15   37.24809    
  0.6728187      4.8283171E-03  1.2588501E-04 -3.8918995E-04 -5.9232116E-07
   30380.46      -4.145855      4.8614686E-04  2.7380884E-07 -1.3761975E-02
  2.5782734E-05  1.2992782E-12  5.3290705E-15   49.70951      0.8147959    
  9.5101283E-04 -4.3952465E-04 -3.9566393E-04  9.2945993E-07   30403.28    
  -3.368764     -9.0044591E-04 -8.0373138E-07 -2.9222353E-03 -4.0938705E-04
  4.2302078E-13 -1.7763568E-15   78.84512       1.035708      7.4213202E-04
 -5.6377053E-04 -4.3782318E-05  2.5145710E-06   30420.63      -2.651030    
 -2.2931532E-04  7.8324229E-07 -6.6219675E-03 -5.8310479E-04 -1.6536267E-12
  0.0000000E+00   138.5168       1.342816      2.4176703E-03  4.9154460E-04
 -3.1280518E-04  2.4512410E-06   30436.41      -1.996721      5.9594051E-04
 -8.4983185E-08 -5.7169595E-03  2.5933422E-04  4.0421987E-13 -4.4408921E-15
   355.8854       1.545484     -4.6108081E-04 -2.7049705E-04  1.0013580E-03
  2.3376197E-07   30450.31      -1.979210     -7.8823254E-04 -1.1478551E-07
 -3.1446374E-03 -2.4180859E-04 -1.9771624E-12  2.2204460E-16   911.2372    
  -1.989369      1.8018358E-03  6.1020255E-05  4.2326908E-04 -6.1606988E-07
   30463.08       3.372001      3.1329217E-04  2.6077032E-08 -1.2463509E-02
 -9.9482015E-05  3.8701903E-13  0.0000000E+00   159.3625      -1.663556    
  2.8355916E-03 -2.0713359E-04  4.5498210E-04 -1.8579885E-06   30473.98    
   1.296516     -6.9141388E-05  1.7881393E-07 -1.3389586E-02 -1.2912229E-04
  1.8947806E-12  4.4408921E-16   48.67714      -1.362933      5.0571985E-03
  5.6073070E-05  1.0120625E-04 -2.4605542E-06   30485.52       1.106800    
  5.4923852E-04 -8.7777153E-08 -1.0721635E-02  1.6074441E-04  1.1136670E-12
 -6.6613381E-16   20.81665     -0.9190738      2.9113770E-03  3.6320090E-04
 -2.6741027E-04  5.3551048E-07   30495.00      0.9445903      1.3019561E-03
 -1.4051329E-07 -6.9610598E-03  2.8729159E-04 -7.2759577E-13 -1.1102230E-16
  1.6446014E-04 -0.8893763      3.2901764E-04  1.7535058E-09   93084.11    
  0.1996026     -5.6982040E-03  2.0773709E-04   198752.6      0.2380225    
  6.7830086E-04  5.5442797E-09 -2.4529214E-08  7.6123196E-12  2.8813281E-04
  -2.829131     -2.2888184E-04  2.3283064E-08   93460.85       1.838637    
  5.5789948E-03  2.8422475E-04   199082.5       2.186046     -1.3697147E-03
 -4.5867637E-08 -2.5653009E-08  2.1228554E-11  1.0621987E-03  -2.307132    
 -4.6253201E-04  7.4505806E-08   93838.45       7.890856     -7.5213113E-03
 -2.1496415E-03   199402.4       9.329843     -2.1862984E-03  1.7718412E-07
 -2.5224077E-08  4.2538591E-11  6.1470637E-04  1.4351225E-02 -1.5902519E-03
 -3.6414713E-07   94428.64       26.48302      1.2278557E-02 -1.4296770E-03
   199967.7       31.06387      4.3749809E-04 -5.7835132E-07 -1.1120562E-08
 -5.5106083E-11  3.4393820E-03   2.931962     -1.0662079E-03 -2.7380884E-07
   95176.46       81.19082      1.4007568E-02  2.1046400E-03   200628.6    
   94.26240      6.6566467E-04  3.1851232E-07 -1.5279056E-08  1.0597609E-10
  6.3243057E-03  -2.865851      9.2188513E-04 -1.1473894E-06   96343.55    
   236.2262     -2.8991699E-03  1.5280247E-03   201651.7       270.7721    
 -2.2840500E-03 -1.1548400E-06 -8.5409129E-09 -1.5378783E-10  7.5445860E-03
   2.506384     -9.8092220E-05  7.8976154E-07   97890.10       634.4839    
 -2.5612968E-03 -6.5643787E-03   203100.4       716.1326     -1.6348702E-05
  3.8146973E-06 -7.9571043E-09  2.9230079E-10  1.3615451E-03  0.1165359    
 -1.0132790E-04  2.7745962E-05   99686.09       1517.057     -4.8875809E-04
 -2.1243095E-03   204594.5       1681.141      2.3519993E-03 -2.2560358E-05
 -9.8688702E-09 -3.2646139E-10  9.5660044E-03  -2.989573      5.8492029E-04
 -2.6822090E-06   101943.3       3227.935     -6.2942505E-04 -6.8416595E-03
   206526.5       3501.797     -4.9379136E-04  3.5166740E-05  8.7461816E-09
  4.9063392E-10  3.5612418E-03 -0.7844514     -3.9291382E-04 -3.7193298E-05
   104087.6       6194.512     -1.4076233E-03 -7.0285797E-03   208108.9    
   6553.987      1.6765594E-03  2.3961067E-05 -6.4085270E-09  1.4364190E-09
  7.8089694E-03  -2.984134     -4.0747900E-04  3.3855438E-05   106149.7    
   10933.80     -9.2593103E-04  7.8296661E-03   209436.7       11241.85    
 -1.1010603E-03 -3.9577484E-05  1.3585783E-08  1.4374916E-09  2.5530423E-03
  0.4900452     -2.4795532E-04 -4.5156479E-04   107403.4       17869.21    
 -1.3065338E-03  1.4786720E-03   209584.1       17772.92     -1.7754236E-03
  1.2445450E-04 -1.4322078E-08  9.1127267E-10  2.9939828E-03   1.978574    
 -5.8394216E-04  3.0612946E-04   107201.0       27166.73     -3.4097526E-03
 -3.1504631E-03   208360.3       26027.48     -2.2301308E-03 -2.2983551E-04
  1.1071349E-10  9.9623676E-10  6.2864395E-03  -2.910780      1.8773760E-03
  3.3473969E-04   105219.6       38544.16     -8.2492828E-03  4.0984154E-04
   205287.8       35394.80     -6.8937032E-04  9.5367432E-06 -9.0709102E-09
  1.9956612E-09  7.1511520E-03  -2.532839      1.4915466E-03  4.2438507E-04
   100845.6       50708.10     -6.0704551E-03 -3.2143593E-03   200263.1    
   44380.28      1.9200643E-03 -3.3950806E-04 -2.6862230E-08 -2.3901217E-09
  8.2238978E-03  -1.920989     -3.1352043E-04 -2.4604797E-04   94199.59    
   61868.91     -7.5054169E-03  3.7276745E-03   193549.2       51226.50    
 -8.5294247E-04 -4.4727325E-04 -3.1584761E-08 -9.0258592E-09  1.3382269E-02
   1.514379     -1.0961645E-03  4.5490265E-04   86234.77       70164.53    
  5.4011624E-03 -1.4960766E-04   186568.6       54677.85     -7.8874471E-04
  1.8119812E-04 -3.8391375E-09  6.6753767E-09  1.0706308E-02   1.406391    
 -2.8716194E-04  5.3119659E-04   77850.60       74020.14     -1.1499193E-02
 -9.0241432E-04   179920.6       53625.32     -4.1060979E-04 -7.3242188E-04
 -2.6437244E-09  1.2989754E-08  6.4828489E-03  -1.354936      4.7884489E-04
  6.1988831E-05   70364.55       73399.80     -2.4755378E-03 -9.5850229E-04
   174838.5       49122.81     -5.1799574E-04 -2.7465820E-04 -1.0742090E-08
 -1.9815634E-09  1.8046508E-02  -1.712112     -1.2969971E-04  1.7070770E-04
   64404.21       68790.80     -3.6067963E-03 -1.4916658E-03   171687.2    
   42157.36      2.3603439E-04 -3.0994415E-04  3.7071004E-09  1.6413743E-08
  1.4394372E-02   1.493908      3.1698321E-04 -4.5299530E-04   60206.17    
   61492.02      5.2497501E-04  1.7476082E-04   170080.1       33594.30    
 -4.3687367E-04 -7.7724457E-05 -6.9318657E-09  8.8434762E-09  1.9470252E-02
   1.384162      4.6730042E-04 -3.1995773E-04   57675.72       52781.42    
  7.4317236E-03  1.0953695E-03   169906.6       25338.87     -1.0897897E-03
 -1.2135506E-04 -7.9950784E-09  3.2718341E-09  1.3960573E-02   1.400111    
  5.4732613E-05 -7.0571899E-05   56553.13       43624.90      7.7454941E-03
 -1.3430417E-04   170833.0       18037.13      2.8527301E-04  1.7881393E-04
 -2.4202444E-09 -2.0423039E-09  9.2065819E-03  -1.470981     -5.1736832E-04
 -5.9795380E-04   56495.91       34680.64      1.0347366E-03 -3.4835935E-04
   172281.2       11341.23      3.6001205E-04 -9.9539757E-05 -2.1826546E-08
 -7.2846946E-09  3.8598755E-03   2.367245      2.8533937E-04 -5.0067902E-06
   57162.40       26547.99     -1.4938355E-03  1.2546033E-04   173971.9    
   6334.699     -3.4866334E-04 -1.2278557E-05 -2.7566603E-08 -2.0538513E-09
  2.5149693E-03  -1.311809     -7.7027544E-05 -1.6427040E-04   58296.44    
   19303.42      1.8706690E-03  3.8519502E-06   175735.3       2901.948    
 -1.6960731E-03 -2.9623508E-05 -1.5987693E-08 -6.7039369E-10  4.0141451E-03
   1.433670     -9.0987590E-04 -3.4928322E-05   59713.50       13183.16    
  3.0969691E-03  4.2580068E-05   177475.6       857.9203     -1.3266669E-03
 -3.1292439E-06  2.7921487E-09 -3.2975527E-09  1.2330606E-03  -1.685027    
  2.7724676E-04 -1.8382072E-04   61262.52       7971.618      2.9931751E-03
  8.2403421E-05   179088.6      -847.2234     -1.1716571E-04 -2.2634864E-05
 -2.1903393E-08 -1.9221289E-09  1.2951904E-03  -1.796409      4.6105220E-04
  3.2007694E-05   62819.17       3749.387      2.9215319E-03  8.9056790E-05
   180406.2      -1542.352      1.0575919E-03 -9.0971589E-06 -2.2397717E-08
 -3.0828384E-10  3.1547103E-04  -2.594790     -2.0599365E-04  5.7339668E-05
   64311.98       421.6857      3.3721924E-03 -1.5930831E-04   181439.6    
  -1351.911     -1.1431376E-03 -5.1595271E-06 -1.1205732E-08  6.7978423E-10
  2.8375941E-03  0.3125838      3.6916426E-05  4.6491623E-06   65676.97    
  -2097.730     -3.8909914E-03 -6.9897622E-05   182191.7      -588.4803    
 -7.2725362E-04  9.9837780E-07 -8.1025711E-09  2.0035928E-10  3.3547735E-04
  0.3322853      7.8916550E-04 -2.8729439E-05   66957.32      -4092.172    
 -2.1982193E-03 -1.0048971E-04   182932.4       52.57376      1.9729137E-04
 -1.4198013E-06 -2.2531026E-08  1.7896262E-10  2.2924372E-03  -1.676758    
  3.7106601E-04 -4.1157007E-05   68079.47      -5570.851      4.6562427E-03
  9.2621893E-05   183355.5       862.3378      3.0633175E-05  3.7141144E-06
 -2.4116630E-08 -4.6818682E-10  4.4591731E-04  0.9414644      5.6435080E-04
  2.5868416E-05   69063.92      -6657.498      2.4616017E-03 -5.0455332E-05
   183649.4       1632.632     -8.3025763E-05  3.7185848E-05 -1.3378131E-08
  8.1234974E-10  7.4437779E-04   1.967752      6.1144150E-04 -5.3882599E-05
   69925.68      -7501.782     -1.0659354E-03  1.2158975E-04   183787.5    
   2255.404     -3.4877233E-04 -1.7479062E-05 -2.7643441E-09 -8.5321972E-11
  3.5164773E-04  -1.232610     -1.4093188E-04 -4.9218535E-05   70693.52    
  -8178.484     -1.5725030E-03  2.6045367E-05   183935.6       2721.881    
  2.3682913E-04  1.9084662E-05 -2.5332207E-08  4.1652055E-09  1.3268611E-03
  -1.187145     -5.6704960E-04 -4.0903687E-05   71366.01      -8849.929    
  2.2888184E-04  8.6580403E-05   184100.6       3056.156      4.8353864E-04
  3.2652169E-06 -1.9164650E-08 -1.7429631E-09  1.7913065E-03 -0.9975970    
  5.1498413E-04 -1.1742115E-05   71980.14      -9220.291     -4.8025032E-03
  9.0897083E-06   184200.7       3212.795     -1.9073486E-04 -3.6999583E-05
 -1.9500643E-08  2.2217321E-09  7.0522405E-04  -2.926875      4.7145743E-04
  9.1314316E-05   73095.06      -5868.323      6.5925793E-04 -1.7094426E-06
   184090.6       1958.436     -1.5219663E-03  1.5974045E-05 -1.5735891E-08
 -7.7727371E-09  3.3470284E-04  -1.136067     -1.8405914E-04  5.9470534E-05
   73135.98      -9701.915     -2.5596619E-03  1.5208498E-05   184322.2    
   3329.330     -2.5062561E-03  1.0680407E-05 -1.6503577E-08 -5.7733862E-10
  7.0234708E-04   2.025005     -1.0950973E-03  1.0097027E-04   73600.05    
  -9892.728     -3.2825007E-03 -2.3869798E-06   184389.2       3460.258    
 -1.8422196E-04  8.9656096E-06 -1.2127114E-08  3.6336956E-10  3.3444681E-04
  0.3108028     -3.7874497E-04  4.6707690E-05   74046.12      -9908.567    
 -7.0844384E-05 -5.8673322E-08   184529.5       3580.200      7.9926991E-05
 -4.1741878E-06 -1.8717618E-08 -3.6264234E-09  3.5982212E-04   2.174989    
  3.0251435E-04 -2.9988587E-05   74441.52      -9668.508      3.9211538E-04
  1.3504177E-06   184582.9       3776.862      4.8703924E-04  1.5595928E-05
 -6.9371175E-09 -1.0857990E-09  5.1370653E-04   2.131233      1.0655143E-03
 -6.0275197E-05   74827.60      -9518.951     -5.5191731E-03  2.6416965E-06
   184677.5       4034.278     -3.3812088E-05  1.7609447E-05 -9.3099182E-09
  5.0126467E-09  6.9050834E-04  0.6924187     -4.0266250E-04 -3.1396747E-05
   75152.02      -9109.058     -1.6055637E-03 -4.0607993E-06   184773.7    
   4222.098     -8.8246661E-04  7.6466240E-05 -1.4656204E-08  1.6307753E-08
  8.0947694E-04  -2.576777      5.2493555E-04 -2.8711744E-05   75439.57    
  -8701.116     -3.9374311E-03  1.0053045E-05   184854.2       4420.717    
 -3.8395758E-04 -2.5833026E-05 -2.1151090E-08  2.6162899E-09  5.9791416E-04
   1.325479      5.2188308E-04  2.0203087E-04   75689.66      -8278.023    
  3.9948812E-03  1.2362842E-05   184927.9       4576.961     -7.1018306E-04
  2.5417656E-05 -3.1681573E-08  9.3959418E-10  5.9592741E-04  0.8922811    
  3.0517578E-04  7.7281147E-05   75908.07      -7896.873     -5.2801766E-03
 -1.7021550E-05   185000.8       4673.599     -1.1118252E-03 -7.9542398E-05
 -1.6255701E-08  2.1051498E-09  1.5728347E-03  -1.675101      6.4772001E-04
 -4.9330294E-05   76109.84      -7603.359      8.1541101E-03 -6.8777008E-06
   185099.7       4710.015     -2.2366582E-03 -1.0321615E-04 -2.6678450E-08
  2.0843900E-09  2.5835031E-04  -1.108606      9.0637209E-04  2.3040920E-05
   76306.26      -7377.519     -2.2644042E-03  7.0100650E-06   185160.3    
   4688.864     -3.4866334E-04 -7.6352153E-06 -2.7417991E-08 -8.2573520E-10
   4145.904       1.570818      -93084.18     -0.1995876      3.3378601E-05
 -4.5838533E-10 -1.4305115E-03 -1.6689301E-06  7.4863434E-04  5.3478288E-09
   198753.1      0.2379221     -2.1486812E-09  6.6136333E-18   8468.310    
   1.570895      -93460.87      -1.838620      4.6730042E-04 -2.1595042E-08
 -4.5394897E-03 -4.6491623E-05 -1.0097027E-03  1.1990778E-08   199082.6    
   2.185850      3.1241143E-09  3.2255015E-18   13141.46       1.571078    
  -93838.43      -7.890859      3.2107034E-04  3.9581209E-08  1.5258789E-04
 -2.0980835E-05 -6.7790347E-04  8.8475645E-09   199402.6       9.329394    
  1.2732926E-09 -1.7997756E-17   18442.43       1.571502      -94428.66    
  -26.48238     -7.8558922E-04 -1.2386590E-07 -2.0065308E-02  4.5776367E-05
 -9.2744827E-04  3.6600977E-07   199968.0       31.06394     -5.8662408E-10
  6.5052130E-18   24709.15       1.572522      -95176.55      -81.19138    
 -7.2860718E-04  1.4118850E-06 -1.3458252E-02  6.6375732E-04  4.9400330E-04
 -2.2724271E-07   200628.9       94.26218     -5.4023985E-10  5.9522699E-17
   32393.63       1.574956      -96343.59      -236.2247      9.9023175E-04
  2.2798777E-06 -1.5271504E-02 -8.4495544E-04 -8.3764392E-04 -1.8626451E-06
   201652.0       270.7746     -2.5996389E-09 -3.2612801E-16   41703.50    
   1.580296      -97890.16      -634.4869      7.4522838E-04  9.7006559E-06
 -3.6621094E-03 -6.2751770E-04  4.3555670E-03 -5.9902668E-06   203100.9    
   716.1328      1.4370016E-09 -1.7347235E-17   52392.09       1.590505    
  -99686.30      -1517.056      4.4226646E-04 -4.5835972E-05  1.3904572E-02
 -2.3269653E-04  8.4996223E-04 -1.2695789E-05   204595.0       1681.140    
  3.2150638E-09 -3.5874081E-15   64145.31       1.607672      -101943.5    
  -3227.938     -5.6796602E-04  2.4616718E-05 -7.2224936E-03 -3.5247803E-03
 -4.2915344E-04 -3.2663345E-05   206527.0       3501.794      3.2307275E-09
 -2.0816682E-16   76197.46       1.634017      -104087.9      -6194.522    
  1.1062622E-03 -1.2993813E-05 -7.9803467E-03  5.0125122E-03 -1.5850067E-03
  3.5762787E-06   208109.6       6554.008     -2.0772859E-09  2.8088643E-14
   88200.84       1.671770      -106150.1      -10933.82      2.3737820E-03
 -1.0967255E-04 -6.1867451E-03 -3.8452148E-03 -1.3524835E-03  1.6665459E-04
   209437.5       11241.89      2.9169975E-09 -3.2196468E-14   99226.71    
   1.722710      -107403.7      -17869.24      9.7274774E-04  3.3378601E-04
 -6.4341226E-03 -3.8223267E-03  4.7047931E-04  4.4107437E-04   209585.0    
   17772.95     -2.4162241E-09 -2.7755576E-13   108217.3       1.788093    
  -107201.4      -27166.77     -1.0813200E-03 -1.0919571E-04 -7.3359567E-03
 -5.2642822E-04  5.3405762E-04 -1.0871887E-04   208361.1       26027.54    
  3.2378014E-09  8.8817842E-14   114400.9       1.867740      -105219.9    
  -38544.25      5.0817220E-04  4.5776367E-05 -1.1160715E-02 -1.9950867E-03
  2.1580288E-03 -3.5762787E-05   205288.6       35394.90     -9.7965569E-10
 -1.8385293E-13   116438.5       1.959026      -100845.9      -50708.17    
 -5.4677326E-05  9.5367432E-07 -5.4626465E-03 -1.2149811E-03  8.6466469E-05
  2.5844574E-04   200263.9       44380.39     -1.8068628E-09  1.5107915E-12
   113598.7       2.058892      -94199.88      -61868.97     -3.5166740E-04
 -6.0462952E-04 -3.6716461E-03  8.2969666E-04 -2.3597479E-03 -3.3664703E-04
   193549.9       51226.65      3.8426151E-10 -5.6843419E-14   106206.5    
   2.161845      -86235.00      -70164.62     -2.0419850E-04 -1.3647079E-03
 -4.3622185E-03 -1.1119843E-03  5.6491175E-04  4.7683716E-06   186569.2    
   54678.03      4.2703450E-09  1.9042545E-12   94703.49       2.262783    
  -77850.90      -74020.33      4.9802995E-05  9.1266632E-04 -8.5788304E-03
 -2.4576187E-03 -1.5242895E-03  1.6260147E-03   179921.1       53625.53    
  3.4591117E-09 -3.0375702E-13   80778.79       2.356691      -70364.83    
  -73400.00     -1.0249489E-03 -1.0490417E-03 -3.4854286E-03 -2.9311180E-03
 -2.2787796E-03  2.1743774E-04   174839.0       49122.96     -2.4374458E-09
  1.4921397E-13   65713.73       2.439814      -64404.52      -68790.96    
  8.8787079E-04 -2.5558472E-04 -2.0294189E-03 -2.7365685E-03 -2.0546913E-03
  2.4986267E-04   171687.8       42157.50      3.4951881E-09 -1.3145041E-13
   50930.46       2.511269      -60206.37      -61492.13     -5.0317677E-04
 -9.3173981E-04 -3.5022555E-03 -4.6420097E-04 -2.0762854E-03 -1.1301041E-04
   170080.7       33594.42     -4.7865409E-09 -2.4402702E-13   37386.53    
   2.570048      -57675.95      -52781.50     -4.8030505E-04  3.6334991E-04
  3.7037241E-03  9.6917152E-04  1.1270696E-04 -2.9301643E-04   169907.3    
   25339.01      1.5874817E-10 -3.0020431E-13   25683.93       2.614209    
  -56553.32      -43625.00      1.8907631E-04  1.1396408E-04  4.4582202E-03
 -1.1837482E-04  3.3378601E-04  9.7751617E-05   170833.3       18037.25    
  4.2722528E-09  1.1901591E-13   16138.51       2.637772      -56496.03    
  -34680.71      4.6412149E-04 -2.6369095E-04  2.2506714E-03 -1.1459589E-03
  1.0037422E-03 -5.7220459E-06   172281.5       11341.32     -4.0881787E-09
  3.2684966E-13   8821.521       2.629174      -57162.55      -26548.02    
  1.0223388E-04  3.6454201E-04  1.2744141E-02  5.3596497E-04  1.7272949E-03
 -2.9802322E-07   173972.2       6334.764      1.2092641E-09  3.7765346E-12
   3657.268       2.524465      -58296.61      -19303.44      3.2791725E-04
  5.0067902E-06 -6.2913164E-03 -3.0422211E-04 -2.5969287E-04 -4.6998262E-05
   175735.6       2901.990     -2.6305386E-10 -8.7529983E-13   824.7020    
   1.570973      -59713.67      -13183.16      2.7197378E-04 -5.6982040E-05
  8.3866827E-03  4.1782856E-05 -1.0942529E-03  5.2452087E-06   177476.0    
   857.9495     -1.8055154E-09  9.8215880E-13   1442.897      0.1201967    
  -61262.64      -7971.633      1.1491776E-03 -1.9431114E-05  3.0626571E-03
  1.4567375E-04 -2.6634762E-03  1.0848045E-05   179088.9      -847.2072    
  1.8969461E-10  3.9079850E-14   1542.539     -4.4946168E-02  -62819.30    
  -3749.385      9.2013128E-04 -4.6491623E-05  9.7971950E-03 -9.5963478E-05
 -3.3470679E-03 -5.4463744E-06   180406.5      -1542.347      4.6791931E-10
 -5.8077987E-12   579.3647     -0.1134737      -64312.16      -421.6804    
  5.5758160E-04  3.3736229E-05  5.9712729E-03  7.5101852E-06  3.8337708E-04
  1.8093735E-05   181440.0      -1351.917     -3.2135480E-10 -3.1130654E-12
   1184.039       3.068976      -65677.02       2097.721     -5.4759363E-04
 -2.5898218E-05  4.0755733E-03  6.8092346E-04 -7.3402160E-04  7.9274178E-06
   182191.9      -588.4860      4.7763145E-09 -5.9738881E-12   3463.359    
   3.054632      -66957.39       4092.160      4.0292740E-04 -1.2874603E-05
  1.0490417E-03 -5.8501959E-05 -1.6355515E-03 -2.2402965E-06   182932.6    
   52.56458      2.5329427E-09 -2.7746694E-12   5966.479       3.058561    
  -68079.55       5570.827      4.6701144E-04  2.5093555E-05  5.5116597E-03
  1.7583370E-06  1.5224110E-03 -1.0166317E-05   183355.7       862.3149    
 -5.9640803E-10 -3.0379255E-11   8401.489       3.057808      -69063.99    
   6657.480      3.7025002E-05  4.6148896E-05 -1.2745577E-03 -1.6361475E-05
 -2.5878232E-03 -1.6540289E-06   183649.6       1632.615     -3.5320493E-09
  7.8829387E-11   10627.52       3.064346      -69925.80       7501.758    
  5.2642822E-04 -1.4349818E-05 -3.4354073E-03 -2.3245811E-06 -2.6844570E-03
  1.1406839E-05   183787.8       2255.393      2.7056168E-09 -7.5216278E-11
   12487.70       3.069227      -70693.59       8178.469      1.7907885E-04
  8.8050961E-05 -2.7126737E-04 -1.5005469E-05  5.6372752E-04  7.5697899E-06
   183935.9       2721.877      1.5269406E-09  2.2998625E-10   14006.94    
   3.067959      -71366.09       8849.900      7.1138947E-04 -5.3450465E-05
 -1.8475506E-03  2.4296343E-05  1.0309992E-03 -1.4630146E-05   184100.8    
   3056.146      1.9654918E-09 -2.7993718E-10   14618.96       3.072178    
  -71980.17       9220.279     -9.8680193E-04 -2.8312206E-05 -6.1677634E-03
 -5.1409006E-06  3.5637303E-04  4.3205917E-05   184201.0       3212.782    
 -2.6959337E-09 -1.9133736E-11   9224.744      -2.888456      -73095.09    
   5868.163      2.9441636E-04  7.6293945E-06  1.5650039E-04 -4.1228719E-05
  1.6109759E-03 -8.7261200E-05   184090.8       1958.430     -1.0783342E-09
  2.8306957E-10   13775.82       3.110740      -73136.05       9701.910    
 -2.3651123E-04 -1.4300644E-04 -6.1950684E-03 -2.1031126E-05 -8.3160400E-04
 -2.5574118E-05   184322.6       3329.322      6.1754690E-10 -1.0020429E-10
   12576.62       3.110277      -73600.18       9892.720      8.3179009E-04
 -1.5914440E-05 -1.9799210E-03 -9.2424452E-06  7.2572293E-05  4.5704190E-05
   184389.4       3460.250     -8.0097644E-09  1.1883827E-12   10668.29    
   3.114561      -74046.18       9908.541      1.3796489E-03  1.0907650E-05
  4.5049761E-04  2.1420419E-05  2.4386817E-03  1.5985221E-05   184529.8    
   3580.185      2.8064409E-09 -5.3278093E-10   8271.408       3.115891    
  -74441.57       9668.484     -5.5978465E-04 -1.5614927E-04  1.2348973E-03
  2.8632581E-05 -1.0113383E-04  7.3909760E-06   184583.3       3776.847    
  2.7073330E-09 -5.3263172E-11   5643.365       3.126696      -74827.73    
   9518.933     -6.6497107E-04  1.0161847E-04  1.0348233E-02  5.5560842E-05
  4.7076831E-04 -4.5264140E-05   184677.8       4034.263      1.5676381E-09
 -4.5859316E-11   2733.709       3.129033      -75152.08       9109.023    
  2.7974448E-04 -1.0661781E-05  8.8161891E-03  1.5355647E-05 -2.8822158E-04
  6.2145758E-05   184774.0       4222.095      4.4108472E-09  1.4473489E-10
   184.7668      6.8537198E-04  -75439.70       8701.101     -5.4400903E-04
  5.6686345E-05  3.5161558E-03  2.7263537E-05 -4.5527585E-04 -6.4262655E-05
   184854.5       4420.710      1.5975472E-10 -1.9490187E-11   2973.535    
  3.0451636E-03  -75689.76       8278.010     -3.2465508E-05 -4.9918890E-07
  8.4540192E-03 -4.8423186E-05 -3.2709001E-04 -9.7846147E-05   184928.1    
   4576.953      1.0635283E-09 -4.6576965E-11   5480.250      1.2613378E-02
  -75908.12       7896.860     -6.3021976E-04 -4.4191256E-05 -2.2379556E-03
  7.6033175E-06  6.6518784E-04 -1.0792632E-05   185000.9       4673.591    
 -4.2397610E-09 -3.0162317E-10   7578.733      2.4068810E-02  -76109.91    
   7603.345     -1.0587731E-04 -3.5829842E-05  2.7403538E-04  2.9191375E-05
 -1.4799468E-03  5.5707991E-05   185100.0       4710.008     -1.8293836E-09
  6.6768413E-10   9151.192      4.7391392E-02  -76306.36       7377.503    
 -8.0108643E-05  6.8508089E-05 -2.8564453E-03  1.1595897E-05 -1.2657165E-03
 -8.9862850E-05   185160.6       4688.856     -4.9083608E-09  5.0151439E-11
  9.8352715E-11  -1.621678      5.1659299E-09 -9.8809849E-15 -8.6583896E-09
  1.5633606E-12  2.3646862E-10 -3.8653525E-12  7.5715434E-10  2.6867814E-12
  2.3646862E-09 -5.4400928E-15  5.2041639E-08  6.3600067E-16  1.3128265E-10
   1.640129      7.2759576E-10 -2.4868996E-14  1.7553248E-09  1.3964385E-11
  7.2759576E-11 -2.6375346E-11 -7.7034201E-09  2.4002356E-11 -2.9649527E-09
 -1.1812773E-13  5.2217622E-08  8.1090554E-17  1.0188306E-09   1.590437    
 -2.3283064E-09  8.8817842E-14  5.6509935E-09  3.3826719E-11 -9.7012766E-11
 -2.0008883E-11 -2.4013691E-08  3.3176129E-11 -4.3777009E-09 -1.2789769E-13
  5.2289650E-08  1.5588511E-15  7.7194619E-11  -2.540519      5.7480065E-09
 -9.6633812E-13 -2.6102498E-09 -2.9634961E-11  1.7280399E-10 -1.0913936E-11
 -5.4046723E-09 -9.8951958E-11 -1.5097612E-09  2.3163693E-12  5.2337242E-08
  1.0721588E-15  3.1767283E-10   1.158386      8.7311491E-10 -3.5811354E-12
 -2.3428584E-09  9.6015640E-11  4.3655746E-11  2.5465852E-11  2.5320332E-09
  1.2396129E-10  6.4901542E-09 -2.7853275E-12  5.2336013E-08  2.5271993E-16
  9.0643365E-10   1.667270     -3.0559020E-09 -6.1390892E-12  3.2135479E-09
 -1.3089618E-10  3.6379788E-11 -3.6379788E-11  1.0616835E-08 -1.7820412E-10
 -3.8805106E-10  3.1832315E-12  5.2331060E-08  7.2391340E-15  2.7088558E-09
   1.530496     -1.1641532E-09 -7.6397555E-11  3.7211327E-09  8.5606189E-11
 -2.0788450E-10  2.9103830E-11  3.3391450E-09  2.2561153E-10 -6.4444197E-09
 -4.5474735E-12  5.2352458E-08  1.7038552E-15  6.6083161E-10   2.781533    
  3.7107384E-09  4.0017767E-11 -1.2732926E-10 -2.3828761E-10 -2.0918378E-10
 -9.4587449E-11 -3.9494807E-09 -1.4063062E-10 -4.1836756E-10  5.9117156E-11
  5.2359415E-08  1.0577137E-13  8.7903684E-10   1.454655      5.1093392E-09
 -4.7293724E-11  8.0843976E-10  1.6802915E-10  2.8295391E-10 -8.7311491E-11
  1.0000400E-08  3.4287950E-10 -9.3779007E-10 -9.4587449E-11  5.2367611E-08
  2.0834918E-13  3.1844432E-09   1.033512      3.9581209E-09  8.0035534E-11
  1.8917490E-09  9.1858965E-11 -3.6379788E-11  0.0000000E+00 -9.1058610E-09
  1.1668817E-09  3.2887328E-09  3.4924597E-10  5.2417409E-08  1.1808341E-12
  6.5492189E-09   1.475107     -1.1641532E-09  1.1350494E-09 -7.9374081E-09
  6.8575901E-10  6.6145067E-12  2.1827873E-10  1.7055505E-08  4.5838533E-10
 -1.3229013E-09 -6.1118044E-10  5.2387108E-08 -1.2532618E-12  2.5771274E-09
 -0.4686981     -3.4924594E-09  3.6379788E-10  2.1827871E-10  1.8717401E-09
 -1.6219322E-10 -5.8207661E-11 -8.7826866E-09  2.9085641E-09 -1.2611659E-09
  1.0040822E-09  5.2429431E-08  5.3962438E-12  1.1088455E-08  -1.408668    
 -7.6117717E-09 -1.0768417E-09  3.1118712E-09  1.5279511E-10  9.8437499E-12
  4.3655746E-11  1.1372882E-08  1.6370905E-10  6.8505943E-09  4.0745363E-10
  5.2444417E-08 -4.6538363E-12  6.7708208E-09  -1.370661      1.6630761E-10
  2.1536835E-09 -2.1827873E-09  2.2046152E-09 -1.8189894E-11 -4.3655746E-11
 -2.1464075E-08 -3.0267984E-09 -3.8666519E-09  1.8335413E-09  5.2436082E-08
 -7.4387076E-12  4.3438444E-09   2.207597     -8.5371238E-10  1.2805685E-09
  1.2786283E-08  3.3614924E-09 -2.4253193E-12  7.2759576E-11  4.7681774E-09
  2.1827873E-09 -6.0147918E-09  6.4028427E-10  5.2492652E-08  1.8127179E-11
  9.0396801E-09 -0.9247196      6.9121597E-09  3.6088750E-09 -1.4197212E-08
 -7.1886461E-09 -4.0927262E-11 -1.7462298E-10 -9.1881702E-09  3.6379788E-10
  5.8571459E-09  5.8207661E-10  5.2570005E-08  4.8098775E-11  1.1565761E-08
   1.183748      4.0402965E-09  2.2118911E-09  3.9718167E-09  4.3655746E-09
  4.2799750E-11  1.3096724E-10  1.0329719E-08 -4.2928150E-09  1.3524721E-09
 -5.1222742E-09  5.2403841E-08 -1.5674149E-10  1.5278818E-09  -2.831890    
 -2.0696058E-09  5.8207661E-09  3.3469405E-09  3.8562575E-09 -2.4253193E-11
 -4.3655746E-11 -1.2180661E-08  5.8207661E-11 -6.4877290E-09 -3.8417056E-09
  5.2561703E-08  8.6621856E-11  3.1324159E-09  -2.303612      6.1271224E-11
 -3.3760443E-09 -6.2343468E-09 -4.9476512E-10 -3.8294513E-11  5.0931703E-11
 -8.3051227E-10  1.7025741E-09 -1.5394395E-09  4.0745363E-09  5.2533707E-08
 -1.2955738E-10  6.1700809E-09  0.6482180      5.8789738E-09 -5.1222742E-09
  4.9694791E-09  5.9662852E-09  3.6379788E-11 -4.3655746E-11  5.4642442E-09
 -7.2614057E-09 -2.6775524E-09 -1.1641532E-09  5.2829325E-08  1.0759228E-10
  6.1514900E-09   2.583119      8.5925600E-10 -2.3283064E-09 -1.1295058E-09
 -4.0454324E-09 -5.5435871E-11 -2.9103830E-11  7.8441760E-09 -2.4156179E-09
  2.1065631E-09 -2.2118911E-09  5.2907179E-08  5.2470049E-11  5.9886038E-09
  0.2756294     -1.4816495E-09  0.0000000E+00 -7.9374084E-11 -7.8871381E-09
 -9.9217605E-12 -6.5483619E-11 -3.5685264E-09  7.1158865E-09 -3.1220473E-09
 -2.4447218E-09  5.2849657E-08 -7.4445398E-12  3.5002121E-09 -6.6568166E-02
 -8.6046109E-10  1.1641532E-09 -2.9957965E-09  7.0431270E-09  2.5307680E-11
  1.0913936E-11 -3.1033542E-09  2.0954758E-09  1.2400763E-09 -1.0477379E-09
  5.2876718E-08  7.9151019E-11  1.8562678E-09 -0.8519663      3.6379785E-10
  0.0000000E+00 -4.8855022E-09  5.5297278E-10  4.8506383E-11 -1.0913936E-11
  7.6155020E-09  1.0040822E-09  2.7406106E-09 -1.5133992E-09  5.2981800E-08
 -7.5444095E-11  1.4586798E-09   2.642246      2.2118911E-09 -5.3551048E-09
 -1.2965756E-09  8.9057721E-09 -1.3969839E-10  1.0913936E-11 -1.0652002E-09
  3.9653969E-09  2.7474016E-09  1.1641532E-10  5.2977924E-08  6.9697137E-11
  1.9514763E-09   1.267911     -1.4999667E-09 -2.0954758E-09 -1.2348140E-09
 -2.1827873E-09 -9.2348698E-11  7.2759576E-12 -1.6958579E-09 -2.2337190E-09
 -2.0596558E-09  9.3132257E-10  5.2966765E-08  1.2377746E-11  4.5207535E-09
  -1.778293     -2.1976085E-09 -2.5611371E-09  1.3997797E-09 -7.7416189E-09
  2.6947991E-11  0.0000000E+00  4.3871329E-09  5.7116267E-10  2.5438904E-09
 -2.0372681E-10  5.3123902E-08 -2.7797251E-11  6.2399046E-09   1.420984    
 -1.8319822E-10 -6.4028427E-09 -3.9762784E-09 -3.7980499E-09 -8.8350917E-11
  5.4569682E-12 -7.5981790E-09 -1.4188117E-09  5.4049970E-10 -2.0372681E-10
  5.3203614E-08  1.7121546E-10  9.8781672E-10 -0.7853982      1.5154062E-09
 -2.5611371E-09  8.4049850E-11 -7.5378921E-09  1.7562656E-11 -1.3642421E-12
 -5.9662852E-09 -2.1464075E-10  3.0508842E-09 -2.4738256E-10  5.3220873E-08
 -1.2267841E-11  1.2742560E-08   1.662283      7.0334255E-10  1.5133992E-09
  1.8292970E-09 -1.6152626E-09 -4.1230425E-11 -3.0695446E-12  5.5491305E-09
  9.6042641E-10 -1.8626451E-09 -7.2759576E-12  5.3250645E-08  4.9466563E-11
  5.9871890E-09  -2.677945     -5.9615912E-10  1.9790605E-09  4.9188995E-09
 -1.0913936E-09 -9.3883330E-12  1.8189894E-12 -1.9668558E-09 -1.5006663E-11
  3.3797998E-09 -1.0550139E-10  5.3401635E-08  1.6711700E-10  1.2112230E-09
  0.9561334     -1.4551915E-10 -2.4447218E-09 -2.8796876E-09  1.7316779E-09
  2.2737368E-11  2.0463631E-12 -1.3142198E-09  2.2009772E-10  2.9103830E-10
 -3.2014214E-10  5.3530520E-08  2.1149131E-10  3.7325592E-09  -3.079174    
  2.5576095E-09 -5.8207661E-10 -3.9808308E-09 -8.2945917E-10  1.9843521E-11
  3.2969183E-12 -1.5623465E-08 -7.2759576E-10 -7.6551894E-09  1.0186341E-10
  5.3538155E-08  3.2671216E-10  5.3560587E-09   2.542664     -9.9295416E-10
 -1.6298145E-09  6.6767608E-10  1.8917490E-10 -4.6009731E-11 -2.2737368E-12
 -4.2607149E-09  8.0035534E-11  3.3897403E-09 -2.6193447E-10  5.3630668E-08
  4.8661702E-10  1.3080544E-09  -1.007480     -4.9892279E-10  1.1641532E-09
 -1.1464830E-09  1.6007107E-10  2.0788451E-12  6.8212103E-13  8.4130862E-09
  4.8385118E-10 -7.0847039E-09  1.1641532E-10  5.3723820E-08  7.1397344E-10
  2.7994194E-09 -6.2418811E-02  4.4464188E-10  3.2596290E-09 -2.8093281E-09
 -2.7794158E-09  5.3559133E-11  4.5474735E-13 -8.7008329E-09 -8.9494279E-10
 -6.4675181E-09 -5.8207661E-11  5.3817566E-08  9.8205943E-10  2.2392934E-09
   2.984991     -8.8098079E-10  3.4924597E-10 -4.8768580E-09 -1.9208528E-09
  9.5374035E-11  2.2737368E-13 -6.6152217E-09  1.3969839E-09 -1.5731800E-11
  5.8207661E-10  5.3909627E-08  1.0826063E-09  1.2858492E-09 -9.0659887E-02
 -4.5187526E-10 -3.4924597E-09 -5.7068399E-09  1.0448275E-08 -6.7972759E-11
 -2.2737368E-13 -1.8400514E-09 -5.8644218E-09  5.5909992E-09  9.6042641E-10
  5.3959198E-08  1.2200455E-09  3.9237924E-10 -0.3012256      8.9550245E-10
  2.3574103E-09  1.6281353E-08 -1.2453893E-07  0.0000000E+00  6.8212103E-13
 -7.9177340E-09  6.8193913E-08  1.8656301E-09  9.6770236E-10  5.4059544E-08
  1.3366990E-09  2.5716984E-09   3.050933      3.7107384E-10  1.3969839E-09
  1.0013537E-09 -9.8661985E-09  1.7280399E-11 -2.2737368E-13  7.6252036E-09
  2.0736479E-09 -4.1618478E-09 -5.5297278E-10  5.4161607E-08  1.3932063E-09
  8.3948282E-10 -0.5880026     -4.8269770E-09 -9.3132257E-10  3.2040834E-09
 -5.2532414E-09  4.1703661E-11  0.0000000E+00  1.7925476E-08  1.1823431E-09
  1.4764870E-09  8.7311491E-11  5.4330240E-08  1.3869710E-09  5.6752469E-10
   3.141593     -2.0996336E-09 -1.3969839E-09 -1.6803998E-09 -4.1618478E-09
 -4.7640201E-11  2.2737368E-13 -1.8068629E-09  1.3678800E-09  5.1832538E-09
  5.2386895E-10  5.4586327E-08  1.3465593E-09  1.1729422E-09  0.9173700    
 -3.9256329E-10  2.3283064E-10  7.3182593E-10 -4.3655746E-10  6.8952385E-11
  7.9580786E-13 -1.4010448E-08  3.4197001E-09  9.0695651E-10  1.4551915E-10
  5.4840211E-08  1.3349218E-09  1.6789656E-09  -2.158799     -2.6458027E-09
 -1.8626451E-09 -2.4506748E-09 -6.1263563E-09 -5.5809902E-11 -1.1368684E-13
  8.0680449E-09  2.1100277E-10  6.6475794E-09 -2.3283064E-10  5.5145517E-08
  1.5615120E-09  1.0610183E-09   1.412412      4.4625872E-10  9.8953024E-10
 -2.1261964E-10 -6.1409082E-09  1.3824319E-10  2.2737368E-13 -2.2175501E-09
  2.2773747E-09  4.6760156E-09 -5.8207661E-11  5.5504390E-08  2.0262703E-09
  1.4162536E-09   1.735945     -4.1124978E-10  1.7462298E-10 -7.1336022E-09
  2.2846507E-09 -4.5474735E-11 -2.2737368E-13 -1.1259544E-08 -9.6042641E-10
 -4.3023056E-09 -2.3283064E-10  5.5953976E-08  2.7094575E-09  7.8310397E-10
  -2.408777     -2.7927294E-09 -1.7462298E-10 -3.7703396E-09  1.1277734E-09
 -1.2926436E-10 -6.8212103E-13  2.1533739E-09 -1.8626451E-09 -6.6629195E-09
  4.0745363E-10  5.6520125E-08  3.9957002E-09  2.8663949E-09  -1.152572    
  1.6613436E-09  5.2386895E-10  5.3205440E-10 -1.5934347E-09  7.8064957E-11
  2.2737368E-13  1.6924180E-09 -7.7125151E-10 -1.5764574E-10  2.9103830E-10
  5.7193674E-08  6.1689178E-09  7.9170981E-10   1.869295      1.9244164E-09
  5.8207661E-10 -1.7001982E-09  1.6370905E-09 -8.9464582E-11  3.4106051E-13
 -4.2170853E-09  0.0000000E+00 -1.2948235E-09  6.4028427E-10  5.7893807E-08
  9.5666053E-09  2.8325071E-09  -1.405648      3.4924597E-10  0.0000000E+00
 -2.4265319E-09  8.6147338E-09 -1.3351382E-10 -5.6843419E-14  3.9974113E-09
 -5.2241376E-09  5.4249538E-09  1.7462298E-10  5.8480861E-08  1.4677347E-08
